Price,Close,Close,Close,High,High,High,Low,Low,Low,Open,Open,Open,Volume,Volume,Volume
Ticker,AAPL,TSLA,XOM,AAPL,TSLA,XOM,AAPL,TSLA,XOM,AAPL,TSLA,XOM,AAPL,TSLA,XOM
Date,,,,,,,,,,,,,,,
2020-01-02,72.53851318359375,28.68400001525879,54.13107681274414,72.59889150198023,28.713333129882812,54.222691266423105,71.29230380764884,28.11400032043457,53.6271740178014,71.54588979671196,28.299999237060547,53.6271740178014,135480400,142981500,12456400
2020-01-03,71.83329010009766,29.534000396728516,53.69588851928711,72.59405542623057,30.266666412353516,54.489913427096155,71.60868452797844,29.128000259399414,53.5660974985205,71.76566667933918,29.366666793823242,54.46700398967244,146322800,266677500,17386900
2020-01-06,72.40567016601562,30.1026668548584,54.10816955566406,72.4443131708714,30.104000091552734,54.482275474490685,70.70300468370534,29.333332061767578,53.61953975252371,70.95418053006813,29.364667892456055,53.68825058815592,118387200,151995000,20081900
2020-01-07,72.06514739990234,31.270666122436523,53.665348052978516,72.67134068922641,31.441999435424805,53.84094629751282,71.84536944211234,30.224000930786133,53.06983083251112,72.41533721540509,30.760000228881836,53.825679164263825,108872000,268231500,17387700
2020-01-08,73.22439575195312,32.80933380126953,52.856056213378906,73.5262872851597,33.232666015625,53.66534825189307,71.76807129058055,31.215333938598633,52.810243163608405,71.76807129058055,31.579999923706055,53.52792075243531,132079200,467164500,15137700
2020-01-09,74.77975463867188,32.089332580566406,53.260711669921875,74.97296230565743,33.253334045410156,53.36759909678103,73.9513658951312,31.524667739868164,52.39796994965145,74.20253438813242,33.13999938964844,52.787348904597145,170108400,426606000,14811800
2020-01-10,74.94879913330078,31.876667022705078,52.7873420715332,75.51394659034878,32.3293342590332,53.41339941563725,74.44645484641248,31.579999923706055,52.77207493749868,75.01401242394427,32.11933135986328,53.3904958021219,140644800,194392500,11995600
2020-01-13,76.55003356933594,34.990665435791016,53.29123306274414,76.5766038580251,35.04199981689453,53.344676757416075,75.14684225138329,32.79999923706055,52.764426768888015,75.2651887494365,32.900001525878906,52.83313759421228,121532000,397764000,9953900
2020-01-14,75.51637268066406,35.861331939697266,52.833133697509766,76.69737618985954,36.49399948120117,53.123261582838374,75.39320591637785,34.99333190917969,52.596455327836786,76.48726080979424,36.284000396728516,52.97056116294821,161954400,434943000,16261000
2020-01-15,75.19274139404297,34.56666564941406,52.74916076660156,76.19743749233605,35.85599899291992,53.13090315741475,74.76043057245047,34.452667236328125,52.59646614024694,75.31591552157606,35.31733322143555,52.833144558574595,121923600,260532000,11390300
2020-01-16,76.13463592529297,34.232666015625,52.543033599853516,76.24573732895618,34.297332763671875,53.12328378812722,75.37387064834499,32.81133270263672,52.52776646394562,75.73614052978684,32.91666793823242,52.9095089358495,108829200,326050500,13340300
2020-01-17,76.97752380371094,34.03333282470703,52.34452819824219,76.97993392443253,34.37799835205078,52.74154364853848,76.07667669301796,33.54399871826172,52.13838981726658,76.38339587903954,33.840667724609375,52.489592207957536,137816400,204436500,18144100
2020-01-21,76.45587158203125,36.47999954223633,51.59630584716797,77.04757477909159,36.571998596191406,52.237630303900815,76.31820722415463,35.227333068847656,51.54286214244023,76.60560865744733,35.349998474121094,52.20709021192397,110843200,267052500,17982600
2020-01-22,76.72876739501953,37.97066879272461,51.29853820800781,77.28182746630861,39.633331298828125,51.68791120613521,76.63457368368562,37.27333450317383,51.15347425286667,76.94129287751667,38.125999450683594,51.5810238154815,101832400,470535000,17033100
2020-01-23,77.0982894897461,38.14666748046875,50.977867126464844,77.17798563171488,38.79999923706055,51.10002746549201,76.23366779231166,37.040000915527344,50.428163075619324,76.78190767247501,37.616668701171875,50.93205991179244,104472000,294765000,19605900
2020-01-24,76.87609100341797,37.654666900634766,50.634307861328125,78.08848500678306,38.25733184814453,50.909162834468745,76.68529344990502,36.95066833496094,50.42053306553571,77.34462735281411,38.04199981689453,50.802275436572536,146537600,215304000,18238600
2020-01-27,74.61552429199219,37.201332092285156,49.42800521850586,75.29658608064733,37.62933349609375,50.183859378177495,73.63256355928529,35.95199966430664,49.39746512696012,74.8836004716033,36.132667541503906,49.94717512492972,161940000,204121500,21231000
2020-01-28,76.72634887695312,37.793331146240234,49.359291076660156,76.89782122944564,38.45399856567383,49.77920420121581,75.39802593452413,37.2053337097168,49.34401811944637,75.49704725649863,37.89933395385742,49.71049336853318,162234000,176827500,19664700
2020-01-29,78.33241271972656,38.732666015625,48.94701385498047,79.1801266517597,39.31999969482422,49.725765833531284,77.61753550777614,37.82866668701172,48.78668273660022,78.35898301190313,38.37933349609375,49.649418514054084,216229200,267022500,14202800
2020-01-30,78.21890258789062,42.72066879272461,49.46617889404297,78.27203580279424,43.391998291015625,49.53488972730427,76.9823558087521,41.20000076293945,48.42783914196657,77.4146666313588,42.16133117675781,48.69505764619362,126743200,435085500,18544700
2020-01-31,74.75077819824219,43.371334075927734,47.42767333984375,77.93150399168975,43.53333282470703,48.2522382936497,74.4561316996704,42.167999267578125,47.22916858011081,77.50885574859744,42.66666793823242,48.2522382936497,199588400,235789500,34282900
2020-02-03,74.54547119140625,52.0,46.36643981933594,75.71197679824171,52.409332275390625,46.89324337675201,72.99012546869326,44.90133285522461,46.0915847763488,73.49246972211677,44.91266632080078,46.86270619278092,173788400,705975000,27389300
2020-02-04,77.00651550292969,59.137332916259766,45.786190032958984,77.197313069489,64.59933471679688,47.267349679084056,75.74581580955447,55.59199905395508,45.72510984344599,76.15155637582674,58.86399841308594,46.9161473267756,136616400,914082000,31922100
2020-02-05,77.63444519042969,48.97999954223633,47.893402099609375,78.43385354098093,56.39866638183594,48.046099645115305,77.03066200298008,46.94066619873047,46.267178628028525,78.13437206813377,54.88399887084961,46.38170251527384,118826800,726357000,32099200
2020-02-06,78.54254913330078,49.930667877197266,47.24443435668945,78.54496662516472,53.05533218383789,48.107169976289384,77.34706255457273,45.79999923706055,47.168084138718434,77.9049577653929,46.66133117675781,48.04609271437558,105425600,598212000,16055400
2020-02-07,77.47492218017578,49.871334075927734,46.9314079284668,78.2907522912515,51.31666564941406,47.07646898066871,76.98348700831134,48.66666793823242,46.61837930137404,78.04140355652011,48.70333480834961,46.88559779555207,117684000,255952500,15112500
2020-02-10,77.8428955078125,51.41866683959961,46.43577194213867,77.8428955078125,54.66600036621094,46.86946267686986,75.97883426440146,50.15999984741211,46.17246023788696,76.05871954270658,53.33333206176758,46.83848413418697,109348800,370338000,20934500
2020-02-11,77.37324523925781,51.62533187866211,46.877201080322266,78.41179815824636,52.23400115966797,47.156002027634706,77.15536891605744,50.53333282470703,46.598400133009825,78.33917517981024,51.25266647338867,46.915925731885984,94323200,175462500,14908700
2020-02-12,79.21070098876953,51.15266799926758,47.450294494628906,79.21554005883662,52.650001525878906,47.651649102637506,77.82354276759801,50.891334533691406,46.90043868595516,77.82354276759801,51.858001708984375,47.504505464257235,113730400,180337500,17862100
2020-02-13,78.64663696289062,53.599998474121094,47.18697738647461,78.97345520254548,54.53333282470703,47.56645413030042,78.27866815708352,49.0,46.900433300729986,78.48201992249481,49.45600128173828,47.287656156056855,94747600,394339500,16949400
2020-02-14,78.666015625,53.33533477783203,46.97013854980469,78.91536443873161,54.198001861572266,47.365104604543546,78.15763246837311,52.366668701171875,46.68359147917764,78.61517213781144,52.4813346862793,47.35736144649137,80113600,235405500,10855300
2020-02-18,77.2255859375,57.22666549682617,46.37381362915039,77.40715079471983,57.33333206176758,46.76877967277249,76.16282276038466,55.490665435791016,46.040801711030745,76.34438761760448,56.106666564941406,46.582914341988975,152531200,245725500,18948500
2020-02-19,78.34403228759766,61.16133117675781,46.73005294799805,78.57401741875222,62.98533248901367,46.94689679534359,77.46768033586122,60.06800079345703,46.335086946864976,77.46768033586122,61.56666564941406,46.55193079421051,93984000,381345000,12804900
2020-02-20,77.54027557373047,59.96066665649414,46.35831832885742,78.59335295390206,60.79999923706055,46.88494162136717,77.0343158542038,57.3293342590332,46.24989640762467,78.1043410564765,60.79666519165039,46.64486239986909,100566000,264523500,14817200
2020-02-21,75.78516387939453,60.06666564941406,45.79297637939453,77.57660960627356,60.87066650390625,46.087263626742256,75.1678463572217,58.6966667175293,45.52966471568405,77.13358724414647,60.46533203125,46.087263626742256,129554000,214722000,20315700
2020-02-24,72.18534851074219,55.58599853515625,43.64775848388672,73.63786746473984,57.56666564941406,44.76295918642501,70.01867883709842,54.813331604003906,43.64775848388672,71.9626330750162,55.93333435058594,44.62355872932325,222195200,227883000,32096600
2020-02-25,69.74027252197266,53.32733154296875,41.97496032714844,73.23842524425972,57.106666564941406,43.94979640285314,69.26820830101296,52.46666717529297,41.79683815879538,72.85593184219474,56.599998474121094,43.94979640285314,230673600,259357500,36414500
2020-02-26,70.84660339355469,51.91999816894531,41.05336380004883,72.11271828103145,54.22066879272461,42.455111530837186,69.35777309270347,51.740665435791016,40.99140968247117,69.36503539122887,52.16666793823242,42.2460108447455,198054800,211282500,29801000
2020-02-27,66.21549224853516,45.266666412353516,38.582889556884766,69.23673421957639,49.31800079345703,40.611936727645144,66.07992440892687,44.599998474121094,38.567400286356666,68.0505119290574,48.66666793823242,40.04659164761282,320605600,364158000,48141300
2020-02-28,66.17675018310547,44.53266525268555,39.837493896484375,67.39929122080478,46.03466796875,39.837493896484375,62.06370365251087,40.768001556396484,37.18114436556834,62.27916414492055,41.97999954223633,37.76972487240521,426510000,363343500,62446700
2020-03-02,72.33784484863281,49.574668884277344,41.727134704589844,72.97453333535833,49.5793342590332,41.73487786162706,67.23224297649529,45.77799987792969,39.59740905197608,68.3361564954498,47.41733169555664,40.72809905306482,341397200,302925000,38127600
2020-03-03,70.04046630859375,49.70066833496094,39.72907257080078,73.5942942720579,53.798667907714844,41.936245074569825,69.18831712034967,47.740665435791016,39.48125012855168,73.51440897960677,53.66666793823242,41.781355309595,319475600,386760000,50580700
2020-03-04,73.28925323486328,49.96666717529297,40.596439361572266,73.44903118653338,51.10133361816406,40.64290716389018,70.9628058782761,48.31533432006836,39.58966061222306,71.7641114774827,50.930667877197266,40.449295752312416,219178400,225735000,24079600
2020-03-05,70.91195678710938,48.30266571044922,38.80746841430664,72.51698353207479,49.71666717529297,39.26439142382783,70.54640393192855,47.871334075927734,37.978811881589884,71.54137556338232,48.2513313293457,39.04754465292385,187572800,162790500,40788200
2020-03-06,69.97024536132812,46.89866638183594,36.933319091796875,70.40358216932741,47.133331298828125,37.95558731016318,68.08197403311165,45.61800003051758,36.55384230467104,68.26837793734198,46.0,37.82393294238213,226176800,189943500,55640500
2020-03-09,64.43614959716797,40.53333282470703,32.41830062866211,67.32181576257562,44.20000076293945,34.51704797082312,63.66873234822989,40.33333206176758,31.597387043256067,63.850297174318,40.35933303833008,32.302132580649754,286744800,256105500,72896300
2020-03-10,69.07696533203125,43.02199935913086,33.618675231933594,69.34326197621986,44.53333282470703,35.82584347542059,65.2108433903716,40.53333282470703,32.10076293275395,67.09186034094932,43.96200180053711,35.75614327013812,285290000,233916000,60445900
2020-03-11,66.67787170410156,42.28200149536133,32.51123046875,68.0795543718944,43.571998596191406,33.67289903080085,65.81362127140751,40.866668701171875,32.33310831041532,67.15236648355659,42.68000030517578,32.828753090872866,255598800,199837500,51986100
2020-03-12,60.093116760253906,37.369998931884766,28.79389190673828,65.36333966293708,39.633331298828125,31.481219481914945,60.03743791262368,36.41666793823242,28.654491441760612,61.95960486263178,38.72600173950195,30.90038519593331,418474000,283636500,65725300
2020-03-13,67.29276275634766,36.44133377075195,29.521875381469727,67.76483423256263,40.50466537475586,31.086256374532425,61.23575946723115,33.46666717529297,27.105605123382745,64.12627561961224,39.66666793823242,30.985577585448155,370732000,339604500,79891500
2020-03-16,58.635765075683594,29.67133331298828,26.71063995361328,62.7197589173465,32.9913330078125,29.33601103895019,58.10075235573811,29.47800064086914,25.750325753452444,58.572820229839216,31.299999237060547,26.640939705583246,322423600,307342500,48924700
2020-03-17,61.2139778137207,28.68000030517578,28.507349014282227,62.36388471818226,31.456666946411133,28.948782853787016,57.71340624039025,26.399999618530273,26.486045141667635,59.91881387267281,29.333999633789062,27.268234046356937,324056000,359919000,41204400
2020-03-18,59.7154655456543,24.08133316040039,25.649642944335938,60.52161388588787,26.99066734313965,28.42990336262185,57.40353915642415,23.367332458496094,24.18594091918806,58.04507047998226,25.933332443237305,26.757100626127684,300233600,356793000,54036400
2020-03-19,59.25791549682617,28.50933265686035,26.664161682128906,61.209131513713295,30.133333206176758,27.028152051822342,58.73258839181393,23.8973331451416,25.05331345004135,59.88976122109357,24.979999542236328,26.12204918270423,271857200,452932500,49412400
2020-03-20,55.49589538574219,28.50200080871582,25.3553524017334,60.96462703593952,31.799999237060547,27.244998763011445,55.19570687816326,28.38599967956543,24.441504802481145,59.83892290297791,29.213333129882812,26.98168711843144,401693200,424282500,76534600
2020-03-23,54.31694030761719,28.952667236328125,24.3563175201416,55.31675861475192,29.46666717529297,25.324374631798456,51.47000473892812,27.366666793823242,23.31856017827442,55.21508274022157,28.906667709350586,25.19271732838968,336752800,246817500,56952500
2020-03-24,59.766300201416016,33.66666793823242,27.44635581970215,59.96238962255932,34.24599838256836,28.011700852456695,56.72085240856594,31.600000381469727,25.812277798369646,57.21954987318864,31.81999969482422,26.65642081448625,287531200,343428000,61835600
2020-03-25,59.43706512451172,35.95000076293945,28.879079818725586,62.51882454095762,37.133331298828125,29.885858601498995,59.14171936553053,34.07400131225586,27.244998978075095,60.703176199981115,36.349998474121094,28.275010185640912,303602000,318340500,56607700
2020-03-26,62.56483459472656,35.21066665649414,30.063982009887695,62.622932989619684,37.33333206176758,30.637073131052198,59.640429280826744,34.150001525878906,28.43764721228115,59.67916400672001,36.49266815185547,29.041713916373425,252087200,260710500,46722000
2020-03-27,59.974491119384766,34.29066848754883,28.615774154663086,61.94265120534286,35.0533332824707,29.18111925892068,59.80745089827839,32.935333251953125,28.034939779213673,61.187342755761634,33.66666793823242,28.75517464111306,204216800,215661000,51558600
2020-03-30,61.68604278564453,33.47533416748047,29.04171371459961,61.85792577669411,34.44333267211914,29.54510460069636,60.376354309647304,32.7486686706543,27.77162324083193,60.700752934026376,34.017333984375,28.058167322285396,167976400,179971500,45835000
2020-03-31,61.56016159057617,34.93333435058594,29.40571403503418,63.545269736802034,36.19733428955078,30.551893700871364,61.00578524680458,33.133331298828125,28.94104468665032,61.877297942194495,33.41666793823242,29.692258212924255,197002000,266572500,41491600
2020-04-01,58.3210563659668,32.104000091552734,29.0649471282959,60.21175123504188,34.26333236694336,29.97105016321878,57.8901427153891,31.67333221435547,28.14335777862821,59.674318939342214,33.599998474121094,28.546069910341046,176218400,200298000,36045900
2020-04-02,59.29423522949219,30.29800033569336,31.287607192993164,59.34749454652656,32.95066833496094,32.4957405838804,57.350281239576255,29.760000228881836,29.351492959621705,58.18305925799057,32.068668365478516,30.00202746020555,165934000,297876000,62000200
2020-04-03,58.44209289550781,32.000667572021484,30.36601448059082,59.48064217824671,34.36600112915039,32.66611910137766,57.85140134510496,31.22599983215332,29.831648023578325,58.77859292542469,33.96666717529297,32.100774108060605,129880000,338431500,48425700
2020-04-06,63.54043197631836,34.41600036621094,31.341821670532227,63.6953634654168,34.733333587646484,31.6206226240926,60.371521175046986,33.19733428955078,30.381507603188304,60.73948992606154,34.08000183105469,30.884898542036332,201820400,223527000,41301900
2020-04-07,62.80448913574219,36.36333465576172,31.93814468383789,65.77489475614705,37.66666793823242,33.54899034059755,62.70039373005676,35.48933410644531,31.876187604516755,65.55701102978264,36.33333206176758,33.22372453699002,202887200,268797000,48921800
2020-04-08,64.41195678710938,36.589332580566406,33.95943069458008,64.72666628175166,37.14733123779297,34.10657721602282,63.24025901440216,35.55533218383789,32.116252710698554,63.60580460540187,36.9466667175293,32.487986160076545,168895200,189840000,33355600
2020-04-09,64.87676239013672,38.20000076293945,33.40184020996094,65.38030647544825,38.345333099365234,36.17435397608622,64.0803030799883,37.14066696166992,32.32536127754321,65.04864913400917,37.4726676940918,35.206296957109764,161834800,204750000,60107300
2020-04-13,66.1501235961914,43.39666748046875,33.115291595458984,66.25906545571533,43.46666717529297,34.60997179644102,64.35383885573385,38.70199966430664,32.5034818344567,64.95421592166439,39.34400177001953,34.424106512227176,131022800,337131000,29651900
2020-04-14,69.49091339111328,47.32600021362305,32.859737396240234,69.78142008992293,49.45866775512695,33.88200567394633,67.31213531371759,46.1619987487793,32.45702520285958,67.78420685231022,46.597999572753906,33.30117129096439,194994800,458647500,30769000
2020-04-15,68.85665893554688,48.65533447265625,31.349557876586914,69.31662179135925,50.20866775512695,31.798737747555133,67.93673322392213,47.33333206176758,30.497668888973763,68.36522365380796,49.46666717529297,31.75226994750739,131154400,353655000,33125000
2020-04-16,69.40376281738281,49.680667877197266,30.319547653198242,69.7693157098203,50.630001068115234,31.349558806810904,68.35310854308584,47.11466598510742,30.1491686689098,69.57080305380181,47.79600143432617,31.349558806810904,157125200,309868500,30934000
2020-04-17,68.46204376220703,50.259334564208984,33.4715461730957,69.46670842031787,51.663333892822266,33.548989566183344,67.02404968637673,49.84400177001953,30.877151144794595,68.91959068992213,51.48533248901367,30.884897256669007,215250000,196923000,40829100
2020-04-20,67.04100799560547,49.75733184814453,31.89168357849121,68.19091879039594,51.03799819946289,33.09982029073781,67.02164432762936,47.48066711425781,31.39603865683418,67.28794093663315,48.8466682434082,31.558671592826,130015200,221199000,39260800
2020-04-21,64.96875,45.781333923339844,31.72130012512207,67.11847920865577,50.22200012207031,32.62740327208683,64.25701512989387,44.919334411621094,30.69128871922133,66.88365501834329,48.67466735839844,31.287612356017068,180991600,303136500,44381600
2020-04-22,66.84008026123047,48.807334899902344,32.62740707397461,67.27583298086698,48.93333435058594,33.24696321222968,65.89594444342251,45.91400146484375,32.41830632338664,66.23727988733161,46.93199920654297,32.99139464341882,116862400,212482500,27074200
2020-04-23,66.58102416992188,47.04199981689453,33.649658203125,68.20784511921251,48.93333435058594,34.586736566845715,66.5422894582851,46.87533187866211,33.15401354642231,66.78437586509685,48.50666809082031,33.40183587477365,124814400,198550500,35271000
2020-04-24,68.50321197509766,48.34333419799805,33.86650848388672,68.51289750296907,48.71533203125,34.76486533467393,67.05795538482593,46.54533386230469,33.40184226786,67.10637563628991,47.387332916259766,34.385388614249784,126161200,198180000,28653800
2020-04-27,68.55162811279297,53.25,34.02914047241211,68.88328539052851,53.29933166503906,34.323430643798226,67.77210939351758,49.0,32.7048391325881,68.21996344716476,49.17399978637695,33.758085679211526,117087600,310221000,28274400
2020-04-28,67.44043731689453,51.27466583251953,34.82682418823242,69.19556400981887,53.66666793823242,35.15208996524343,67.34845067537042,50.44599914550781,34.16080041137076,69.01399917951635,53.042667388916016,34.36215499414768,112004800,228330000,26545100
2020-04-29,69.65552520751953,53.367332458496094,36.75518798828125,70.12517343259273,53.54666519165039,36.86360990113494,68.72591428235458,52.21066665649414,35.748409284856976,68.92926597961963,52.678001403808594,35.82585266424517,137280800,243240000,29502500
2020-04-30,71.125,52.12533187866211,35.98849868774414,71.30172577794379,57.987998962402344,36.92557743359783,69.80563320705274,50.900001525878906,35.44638601555331,70.19538886698345,57.01266860961914,36.92557743359783,183064000,427078500,37076300
2020-05-01,69.97994232177734,46.75466537475586,33.40958786010742,72.3838593560598,51.518001556396484,35.92653644799738,69.20042354088866,45.5359992980957,33.30116593208247,69.29725665776628,50.33333206176758,35.33795900117223,240616800,487977000,35399300
2020-05-04,70.97007751464844,50.74599838256836,34.75712966918945,71.09838306103778,50.79999923706055,34.80359452824133,69.31420678113763,46.53333282470703,32.69710388005884,70.00415476707384,46.733333587646484,32.921690925454456,133568000,288556500,27465600
2020-05-05,72.03524780273438,51.2140007019043,34.71840286254883,72.868025831844,53.26133346557617,36.51511668713095,71.28477828502723,50.8120002746582,34.58674555461968,71.43003164134032,52.65266799926758,35.82585751837426,147751200,254875500,29276200
2020-05-06,72.77845764160156,52.172000885009766,34.067867279052734,73.41029979065098,52.6533317565918,35.05915681909795,72.35238308451844,50.740665435791016,33.998167048626065,72.7372996904726,51.766666412353516,34.79584516573895,142333600,166848000,22659000
2020-05-07,73.53134155273438,52.00266647338867,34.261474609375,73.87753081736858,53.09333419799805,35.05915263120346,73.10285116327836,51.4900016784668,34.05237394307253,73.40545924879912,51.81399917602539,34.81907343190607,115215200,172915500,22160300
2020-05-08,75.28153228759766,54.62799835205078,35.763912200927734,75.33493579173758,54.93333435058594,35.79489074621623,73.86392075066658,52.46733474731445,34.83457652220963,74.19162373480276,52.917999267578125,35.090145089424695,133838400,241297500,19977400
2020-05-11,76.46609497070312,54.08599853515625,35.42314529418945,76.96128289724894,54.93333435058594,35.77938958379428,74.57998648849065,52.33333206176758,35.24502019511134,74.78874828363153,52.70066833496094,35.70968935719545,145946400,247794000,22258000
2020-05-12,75.59222412109375,53.96066665649414,34.83104705810547,77.60212591001033,56.21933364868164,36.05471200989828,75.47085322222706,53.866668701171875,34.83104705810547,77.15062231412254,55.133331298828125,35.857346597945984,162301200,238603500,25439100
2020-05-13,74.67951965332031,52.73066711425781,33.10213088989258,76.69428120977256,55.06666564941406,34.63368557627796,73.60174537683079,50.88666534423828,32.841607071004645,75.77185784641975,54.72200012207031,34.53105771873805,200622400,285982500,30827900
2020-05-14,75.1383056640625,53.55533218383789,33.39423370361328,75.19899111956893,53.557334899902344,33.59159915459393,73.19394129911058,50.93333435058594,31.736365119998993,73.91731459558865,52.0,32.42319604617545,158929200,205233000,24856500
2020-05-15,74.69407653808594,53.27799987792969,33.157405853271484,74.74019807230623,53.66999816894531,33.95476119275242,72.87351305431154,52.436668395996094,33.03898534202918,72.90750046179672,52.689998626708984,33.45740227327562,166348400,157776000,22445600
2020-05-18,76.45394134521484,54.242000579833984,35.794189453125,76.82776572341807,55.64799880981445,35.98366156426742,75.32762345021945,53.59199905395508,34.78367955785086,76.01943893594208,55.185333251953125,35.05209662522768,135178400,174987000,32026100
2020-05-19,76.01217651367188,53.867332458496094,34.688961029052734,77.31812127307398,54.80466842651367,36.81261584867937,75.9806188920403,53.73866653442383,34.681067733721356,76.47095469800648,54.34466552734375,35.959995398072685,101729600,144547500,21771600
2020-05-20,77.49047088623047,54.37066650390625,35.817874908447266,77.56086067764168,55.06666564941406,35.983664146929996,76.83263524563915,54.119998931884766,35.18630617857122,76.87147482429302,54.70000076293945,35.22577865952149,111504800,109639500,19352400
2020-05-21,76.91272735595703,55.17333221435547,35.17841720581055,77.89340613060031,55.5,36.14945481187492,76.67483776673394,53.06666564941406,35.04420714023414,77.3520893444608,54.400001525878906,35.873141388185914,102688800,183819000,19130700
2020-05-22,77.40791320800781,54.45866775512695,35.20999526977539,77.49044450659204,55.45199966430664,35.265257355155875,76.54860541656436,54.133331298828125,34.30211600169754,76.65055279391973,54.81133270263672,34.775791879689656,81803200,149812500,15406400
2020-05-26,76.88360595703125,54.591331481933594,36.24418258666992,78.70659167112338,55.63999938964844,36.55207213435209,76.82777268129091,54.38066864013672,35.89682056059004,78.5269651260588,55.633331298828125,36.10997555780624,125522000,121345500,20356500
2020-05-27,77.21858978271484,54.68199920654297,36.504722595214844,77.3642363430493,55.180667877197266,37.21523655694581,76.00002862396322,52.33333206176758,35.849467718563716,76.7403955523751,54.7239990234375,36.836295175044285,112945200,173242500,20788300
2020-05-28,77.2525634765625,53.72066879272461,35.55735397338867,78.51239377679266,54.983333587646484,36.678388087696284,76.61658126415462,53.44599914550781,35.470512708733835,76.89330301256463,54.23400115966797,36.65470520153851,133560800,108834000,19698000
2020-05-29,77.17732238769531,55.66666793823242,35.89683532714844,77.9565214299296,55.66666793823242,36.07051490585486,76.82049167356892,53.61399841308594,35.02842538738314,77.49531352794295,53.91666793823242,35.38368386221629,153532400,176467500,25874700
2020-06-01,78.1264419555664,59.87333297729492,36.53628921508789,78.24781284336196,59.93333435058594,36.67049928002598,77.00011656103608,56.939998626708984,35.36788617404171,77.13119919406478,57.20000076293945,35.778406649797006,80791200,224092500,19031000
2020-06-02,78.4881362915039,58.770668029785156,37.349430084228516,78.51241195418596,60.57733154296875,37.45995422846287,77.41764401588712,58.06666564941406,36.90733049573405,77.85943588986717,59.64666748046875,36.9941717552202,87642800,203484000,22319000
2020-06-03,78.92020416259766,58.86399841308594,38.87309646606445,79.18236942622238,59.862667083740234,38.99941022095871,78.23567058388883,58.67333221435547,37.85469012322845,78.80854502107137,59.20800018310547,37.894162606965885,104491200,119242500,23418000
2020-06-04,78.24053955078125,57.62533187866211,38.7625732421875,79.04158453578323,59.71666717529297,38.80204874150176,77.8667151007641,57.229331970214844,38.020480233069236,78.74301685979307,59.32533264160156,38.58889369374743,87560400,133315500,18731400
2020-06-05,80.46888732910156,59.04399871826172,41.904624938964844,80.52957276449304,59.10133361816406,42.19672490003489,78.46141579319185,57.746665954589844,40.73621907157042,78.49054361691735,58.522666931152344,40.7756945624791,137250400,117178500,41328900
2020-06-08,80.9446792602539,63.327999114990234,43.21513748168945,80.97866666833863,63.33333206176758,43.70460292301845,79.45424844734958,60.61066818237305,42.20462439472812,80.16548014966298,61.266666412353516,43.19934788531657,95654400,212620500,33579400
2020-06-09,83.50074768066406,62.711334228515625,42.251991271972656,83.89398820325025,63.62933349609375,42.60724964539333,80.59270571799298,61.595333099365234,41.407267479370965,80.62426333660154,62.66733169555664,41.74673625713323,147712400,170823000,27276900
2020-06-10,85.64900207519531,68.336669921875,39.986244201660156,86.11749189610212,68.49866485595703,42.23620928611012,84.01049518819849,65.5,39.946768699623014,84.44985718304342,66.12533569335938,42.23620928611012,166651600,278451000,31156800
2020-06-11,81.5369644165039,64.85600280761719,36.45734405517578,85.21693078033901,67.9306640625,38.557312201190484,81.43501701482725,64.80000305175781,36.39418566928296,84.79213265493966,66.01333618164062,37.52311621887754,201662400,238747500,39183000
2020-06-12,82.24092102050781,62.35200119018555,37.238922119140625,84.42559727745287,65.8653335571289,38.38364265295115,81.12916680700161,60.84000015258789,36.24420129685504,83.6779557734375,65.33333587646484,37.92575624636211,200146000,251451000,30978100
2020-06-15,83.25800323486328,66.05999755859375,37.21522521972656,83.91097923516973,66.5893325805664,37.70469064579418,80.7310603407497,60.56666564941406,35.32841217958242,80.89370059767263,61.18600082397461,35.80208800976947,138808800,235458000,27929300
2020-06-16,85.46451568603516,65.47533416748047,38.052059173583984,85.73639268013275,67.52532958984375,39.275724355203394,83.67793988645191,64.15933227539062,37.29417657211673,85.31401697994849,67.4566650390625,39.133620990983566,165428800,210766500,26203400
2020-06-17,85.3456039428711,66.11933135986328,36.81259536743164,86.27044977479446,67.0,37.99678777116944,85.2242330210135,65.50466918945312,36.788909471498116,86.20976431386566,65.84733581542969,37.89415691960953,114406400,148362000,19279400
2020-06-18,85.37956237792969,66.9306640625,37.04153060913086,85.79707850372552,67.94667053222656,37.36521270189641,84.77027818647716,66.2979965209961,36.133651728450104,85.3018832364117,66.86666870117188,36.4020687478593,96820400,146278500,21478700
2020-06-19,84.89165496826172,66.72666931152344,36.2994499206543,86.55200784219969,67.73133087158203,38.09942169821414,83.7823232639959,66.0893325805664,36.2994499206543,86.08594777647562,67.51866912841797,38.06784551785295,264476000,130195500,48899900
2020-06-22,87.11272430419922,66.28800201416016,36.64680862426758,87.25594103734062,67.2586669921875,36.66259821877371,85.23875783411975,66.00133514404297,35.84156038535539,85.28487935589797,66.663330078125,36.07050197680126,135445200,95436000,17565400
2020-06-23,88.97215270996094,66.78533172607422,36.867862701416016,90.39219373833417,67.46666717529297,37.27838315469872,87.93807025920542,66.267333984375,36.70996975606768,88.35801624501319,66.59200286865234,37.02575564676436,212155600,95479500,18916600
2020-06-24,87.401611328125,64.0566635131836,35.131046295166016,89.52074989472776,66.72533416748047,36.28365967555948,87.02778688442697,63.542667388916016,34.933680866541486,88.6007564046994,66.27400207519531,36.24418719214606,192623200,164394000,27626900
2020-06-25,88.56190490722656,65.73200225830078,35.65998840332031,88.60074447868466,65.73200225830078,35.71525350048483,86.7971749374644,62.47666549682617,34.491585289473136,87.55695784935237,63.61800003051758,34.77579202205501,137522400,138817500,19353600
2020-06-26,85.84077453613281,63.982666015625,34.43632125854492,88.67842646058456,66.33333587646484,35.47841054477187,85.69269820221506,63.65800094604492,34.341586690221824,88.45753055778336,66.31866455078125,35.431044766389135,205256800,132823500,31518600
2020-06-29,87.81910705566406,67.29000091552734,34.98893737792969,87.91377989075716,67.33333587646484,35.194199077508586,85.27031876666028,63.23466873168945,34.373158302306926,85.74852029434136,64.60066986083984,34.58631329268949,130646000,135396000,17052100
2020-06-30,88.55218505859375,71.98733520507812,35.30472946166992,88.83862594589743,72.51266479492188,35.502094893791856,87.38702765304257,66.91533660888672,34.07316808106836,87.40644373304936,67.0999984741211,34.28632310914694,140223200,253777500,22153600
2020-07-01,88.38470458984375,74.64199829101562,34.50736999511719,89.1736153626138,75.68866729736328,35.82577259290185,88.33616067933104,72.03333282470703,34.47579080451648,88.62987615436822,72.19999694824219,35.12315216560157,110737200,199903500,17290100
2020-07-02,88.38470458984375,80.57733154296875,34.799476623535156,89.92854613881406,81.86666870117188,35.67577666750107,88.27062306658787,79.04000091552734,34.68105615219933,89.29256387033587,81.43199920654297,35.225783694917226,114041600,258751500,18216600
2020-07-06,90.74903106689453,91.43866729736328,35.04419708251953,91.2175210025209,91.85266876220703,35.58892746946563,89.7829159545549,84.40266418457031,34.60999384026222,89.8144735764797,85.11266326904297,35.265245348783594,118655600,308548500,22692000
2020-07-07,90.46743774414062,92.65733337402344,34.13632583618164,91.90689477197918,95.30000305175781,34.73631541369658,90.35577859564587,89.11399841308594,34.03369497013236,91.12769570514304,93.6673355102539,34.65737044692479,112424400,322345500,17407600
2020-07-08,92.5744400024414,91.05867004394531,34.057373046875,92.60599762201831,94.48400115966797,34.68104843556644,91.3583012018077,87.42266845703125,33.820535168458136,91.44569210278156,93.66666412353516,34.0652693493712,117092000,244669500,18291400
2020-07-09,92.97251892089844,92.9520034790039,32.652137756347656,93.52111023194134,93.90399932861328,34.02579948519526,91.92387279560495,90.08533477783203,32.59687567596629,93.4677067512674,93.1326675415039,33.86790954785278,125642800,175764000,25882000
2020-07-10,93.13516235351562,102.97666931152344,33.67053985595703,93.19342541681863,103.2613296508789,33.71790562654593,91.9554408840775,91.73400115966797,32.44687191542016,92.56714748957603,93.06666564941406,32.462661509468845,90257200,350064000,18951000
2020-07-13,92.70552062988281,99.80400085449219,33.678436279296875,97.05302710538204,119.66600036621094,34.17579799763488,92.491906663148,98.0739974975586,33.33896750457255,94.44112299776556,110.5999984741211,33.9310637844558,191649200,584781000,20028300
2020-07-14,94.23963165283203,101.12000274658203,34.79158401489258,94.43139230039652,106.0,34.88631859508947,91.15195631671575,95.4000015258789,33.36265696061531,92.08650612178975,103.73332977294922,33.575812024726815,170989200,351271500,21444100
2020-07-15,94.88774108886719,103.06732940673828,35.233680725097656,96.36603734050372,103.33333587646484,35.59683242772501,93.68859634607485,97.13333129882812,34.90210520546043,96.1160136540934,102.86666870117188,35.549463635903194,153198000,245517000,17332400
2020-07-16,93.72016143798828,100.04266357421875,34.957366943359375,94.5770395198075,102.11399841308594,35.37578373807365,93.12058901872845,97.73332977294922,34.570532354437425,93.75900100696389,98.47733306884766,34.981052844814194,110577600,214512000,14673700
2020-07-17,93.53083801269531,100.05599975585938,34.35737228393555,94.32703078332698,102.50066375732422,35.28104099347495,93.05748856156698,99.33333587646484,34.254741423467635,94.17167989066034,100.89666748046875,34.99683732161787,92186800,139950000,17958900
2020-07-20,95.50187683105469,109.53333282470703,33.552127838134766,95.6402413947223,110.0,34.34948296284967,93.27350953279706,99.19999694824219,33.536338240118106,93.61820604805662,101.267333984375,34.11264501571559,90318000,256821000,18553900
2020-07-21,94.1838150024414,104.55733489990234,35.24946594238281,96.36849112363207,111.66666412353516,35.67577296957659,93.93379125377636,103.86666870117188,34.03369420737724,96.29324176097793,109.32866668701172,34.06527339800118,103433200,241608000,28821800
2020-07-22,94.44840240478516,106.15533447265625,34.42842483520508,95.13050624366167,108.4280014038086,34.85473487122838,93.79785618394567,104.13333129882812,34.23895270423116,93.88523967276372,106.5999984741211,34.85473487122838,89001600,212416500,21345400
2020-07-23,90.14944458007812,100.87133026123047,34.49947738647461,94.25906118948085,112.5999984741211,34.5942119485955,89.33868791358677,98.71800231933594,33.96264318186052,94.18138204100602,111.93000030517578,34.26263947539367,197004400,364927500,17934400
2020-07-24,89.9261245727539,94.46666717529297,34.28633117675781,90.27082118599914,97.66666412353516,35.0678967853917,86.55686722526087,91.10266876220703,34.09685899225244,88.34588050233073,94.40066528320312,34.64158964048149,185438800,290949000,16415300
2020-07-27,92.05741119384766,102.63999938964844,34.79158401489258,92.1496542764696,103.19599914550781,34.80737361351839,90.766030260819,94.19999694824219,33.923177171378754,90.98934860074202,95.66666412353516,34.128435930398346,121214000,240730500,18547900
2020-07-28,90.54512023925781,98.43267059326172,34.38105392456055,91.80495076068121,104.3133316040039,34.93367767655764,90.54026066225798,98.29467010498047,34.310002256281535,91.62774658169793,100.26667022705078,34.66526059767661,103625600,237130500,19190500
2020-07-29,92.28071594238281,99.94066619873047,34.760005950927734,92.4652020656453,102.32066345214844,34.80737474834955,90.9917576836522,99.13333129882812,34.21527833258826,91.02816746906157,100.06666564941406,34.50737838779423,90329200,141403500,14143200
2020-07-30,93.39733123779297,99.16600036621094,33.05475616455078,93.50170842708098,100.8826675415039,34.08895193894776,91.04516275680574,98.06666564941406,33.023179989510076,91.45296717627383,99.19999694824219,34.04947946147914,158130000,114315000,29901100
2020-07-31,103.17497253417969,95.38400268554688,33.220550537109375,103.32547125877302,101.13666534423828,33.2915992006302,97.89776098025088,94.73200225830078,32.29687876109172,99.897958367961,101.0,32.49424419058056,374336800,183123000,32116200
2020-08-03,105.77472686767578,99.0,33.35475158691406,108.39633503514682,100.65399932861328,33.55211698091947,104.76006804130827,96.29199981689453,32.7389725213154,105.05863567902395,96.61333465576172,33.19685866939835,308151200,132139500,23033600
2020-08-04,106.48111724853516,99.13333129882812,34.317901611328125,107.57345533183008,101.82733154296875,34.42052946564749,105.24070281740102,97.46666717529297,33.34686406619134,105.96407603717955,99.6673355102539,33.42580903283045,173071600,126225000,17724000
2020-08-05,106.86708068847656,99.00133514404297,34.61790466308594,107.18750165208057,99.98933410644531,34.98105944215863,105.73590297725057,97.88733673095703,34.36527708467954,106.20197050684659,99.53266906738281,34.85474565295543,121776800,74217000,17175100
2020-08-06,110.5955810546875,99.30533599853516,34.45210647583008,111.09077637005811,101.15399932861328,34.65736819458895,106.60976509533027,98.48400115966797,34.14421690924901,107.19962585470167,99.38866424560547,34.26263736326815,202428800,89884500,14434900
2020-08-07,108.08110046386719,96.84733581542969,34.294219970703125,110.57368961748969,99.98332977294922,34.357378361103294,107.28347223155788,94.33399963378906,33.796861198311944,110.11651110240133,99.96932983398438,34.128433713239396,198045600,133446000,18757900
2020-08-10,109.65203857421875,94.57133483886719,35.13893127441406,110.67096098800363,97.16666412353516,35.20998293237251,106.99895008053579,92.38933563232422,34.42052140463719,109.52801468909898,96.53333282470703,34.72841393016162,212403600,112834500,24367800
2020-08-11,106.3910140991211,91.6259994506836,35.50209045410156,109.41373301574056,94.66666412353516,36.646807408010964,106.13081029496767,91.0,35.312618337873516,108.91521808960395,93.06666564941406,35.920504154177216,187902400,129387000,28987500
2020-08-12,109.92681884765625,103.65066528320312,35.49404525756836,110.18458841981773,105.66666412353516,36.178324781381136,107.28832085435617,95.66666412353516,35.12372935223366,107.48286140726228,98.0,35.791907783948936,165598000,327441000,22503200
2020-08-13,111.8722915649414,108.06666564941406,34.624610900878906,112.8766240182774,110.07866668701172,35.316942630011596,110.81932024645036,104.48400115966797,34.552157508970375,111.30811338263783,107.4000015258789,35.01908005037423,210082000,306379500,17338700
2020-08-14,111.7725830078125,110.04733276367188,34.77756118774414,111.86255822594228,111.25333404541016,34.841962480791224,109.9608929550016,108.44266510009766,34.14158191244524,111.69719796444708,110.99933624267578,34.29453767053003,165565200,188664000,13595700
2020-08-17,111.48075866699219,122.3759994506836,34.32673645019531,112.92038434329335,123.05733489990234,34.75340457112089,110.85335892216301,111.52200317382812,34.1898817966791,112.89606491291276,111.80000305175781,34.75340457112089,119561600,303634500,15554600
2020-08-18,112.40969848632812,125.80599975585938,34.157684326171875,112.83526251521093,128.25999450683594,34.769510453172515,110.89712204110621,123.00733184814453,34.04497975574827,111.23271086271058,126.59933471679688,34.286489988223025,105633600,247117500,13014000
2020-08-19,112.55073547363281,125.23533630371094,33.77931594848633,113.96604157696903,127.4000015258789,34.34284186486947,112.45589935232542,122.74732971191406,33.70686257250894,112.8182343383738,124.33333587646484,34.0932795540653,145538000,183079500,14473100
2020-08-20,115.04820251464844,133.45533752441406,33.26408767700195,115.16249715621257,134.79933166503906,33.722957956879334,112.5750641732495,123.80400085449219,33.24798658829081,112.59208851632775,124.04533386230469,33.56195014073652,126907200,309177000,15678500
2020-08-21,120.97691345214844,136.6653289794922,33.014530181884766,121.46083817482683,139.69932556152344,33.28019357757702,115.99659572706068,135.00332641601562,32.773019958235786,116.00875173086001,136.3173370361328,33.24799139549873,338054800,322344000,25517700
2020-08-24,122.423828125,134.27999877929688,33.98862838745117,125.27146481367004,141.93333435058594,34.22208654492556,120.5562117393656,128.50132751464844,33.07893664725392,125.18634310109493,141.7519989013672,33.231892415388074,345937600,300954000,18208900
2020-08-25,121.41951751708984,134.8893280029297,32.90987777709961,121.76483566144915,135.19667053222656,33.86786966400429,119.69537580751391,131.1999969482422,32.76497102836188,121.29550102248649,131.65933227539062,33.53780497431704,211495600,159883500,31285600
2020-08-26,123.0706787109375,143.54466247558594,32.20949172973633,123.52785723369402,144.39999389648438,32.87767314024725,121.66996279802345,136.90866088867188,32.201442720282564,122.73752407416738,137.3333282470703,32.716665312452065,163022400,213591000,26795000
2020-08-27,121.59944915771484,149.25,31.992137908935547,124.00692412752836,153.0399932861328,32.44295618690522,120.45406865293813,142.8333282470703,31.645972119226432,123.67376948239601,145.36399841308594,32.201445956425864,155552400,355395000,32034300
2020-08-28,121.4024658203125,147.55999755859375,32.75691604614258,122.99285390087189,154.5659942626953,32.94207397069314,121.17873748616431,145.76800537109375,32.00823226762966,122.57458499713601,153.00799560546875,32.072636626239685,187630000,301218000,33477100
2020-08-31,125.51950073242188,166.10667419433594,32.15313720703125,127.42603418683149,166.7133331298828,32.781067384519105,122.56244509573105,146.70333862304688,32.12093810049415,124.09934102961832,148.20333862304688,32.71666302950756,225702700,355123200,25259600
2020-09-01,130.5192413330078,158.35000610351562,31.742576599121094,131.12233634201255,167.49667358398438,32.000187929226,126.9688280058111,156.836669921875,31.436661993008038,129.13798411269457,167.3800048828125,32.000187929226,151948100,269523300,22464100
2020-09-02,127.81513214111328,149.1233367919922,31.549367904663086,134.21561800557666,159.67999267578125,31.976039183415086,123.53517911659272,135.0399932861328,31.356160934371495,133.8362586004146,159.663330078125,31.581570090034827,200119000,288528300,26413400
2020-09-03,117.58212280273438,135.6666717529297,31.484968185424805,125.32495545599747,143.93333435058594,32.22560006033778,117.21249271726687,134.0,31.29981021669656,123.44761726135523,135.7433319091797,31.557421570663646,257599600,262788300,28817200
2020-09-04,117.6599349975586,139.44000244140625,31.46080780029297,120.32517948321234,142.6666717529297,32.03238261319966,107.86466781430556,124.00666809082031,31.114642080708673,116.79421681694939,134.27000427246094,31.766719263810913,332607200,330965700,24632500
2020-09-08,109.74201202392578,110.06999969482422,30.736276626586914,115.74367852876145,122.913330078125,31.138794651480964,109.60583213787987,109.95999908447266,30.068095231197766,110.841180367367,118.66666412353516,30.792628904394576,231366600,346397100,38496400
2020-09-09,114.11925506591797,122.09333038330078,30.551118850708008,115.88960121264321,123.0,31.267600447113146,112.11545871886855,113.836669921875,30.52696568083931,114.06089437114895,118.86666870117188,30.873131429591947,176940500,238397400,25886100
2020-09-10,110.39373016357422,123.77999877929688,29.78633689880371,117.21248334746296,132.99667358398438,30.88923554032049,109.43074171443638,120.1866683959961,29.705834513951356,117.07630346258478,128.73666381835938,30.808733155468133,182274400,254791800,34381200
2020-09-11,108.94438934326172,124.23999786376953,29.705833435058594,112.08627097984936,127.5,30.035898114516176,106.9989538192749,120.16666412353516,29.37576875560101,111.44427369473487,127.3133316040039,29.89099137026953,180860300,182152500,26838600
2020-09-14,112.21272277832031,139.8733367919922,29.51262664794922,112.76717161154352,140.0,29.794388086494802,109.72256765665087,124.43333435058594,29.375771969504036,111.59018399790295,126.98332977294922,29.713885695758737,140150100,249061800,26129900
2020-09-15,112.38780975341797,149.9199981689453,29.19866180419922,115.58805204226122,153.97999572753906,30.092252430475938,110.51046419860256,143.56666564941406,29.15035852919507,115.10169316714062,145.52000427246094,29.625329985010207,184642000,291894600,23724200
2020-09-16,109.07084655761719,147.25332641601562,30.438419342041016,112.83526719517445,152.59666442871094,30.71213176851394,108.98330551595791,145.10333251953125,29.198662876783093,112.08627773862457,146.6233367919922,29.351618646794392,154679000,216837900,30890900
2020-09-17,107.32968139648438,141.14332580566406,30.430368423461914,109.13893714718215,145.92999267578125,30.575275188366405,105.74415401119464,136.0,29.762189959486292,106.72660109375049,138.53334045410156,30.068101511200695,178011000,230337600,24696200
2020-09-18,103.92515563964844,147.38333129882812,29.939294815063477,107.85493604325933,150.3333282470703,30.446468474880735,103.19561736370885,142.93333435058594,29.544828801515106,107.38803570255637,149.31333923339844,30.213007242634927,287104900,259220400,46853800
2020-09-21,107.07678985595703,149.79666137695312,29.32746696472168,107.1837894202986,151.89332580566406,29.552876102278695,100.28721554443658,135.69000244140625,28.723689856863235,101.68793171672704,151.0433349609375,29.32746696472168,195713800,328430400,35351800
2020-09-22,108.75958251953125,141.41000366210938,28.60293197631836,109.7809392501185,145.9199981689453,29.657530384887966,106.18188610459384,139.1999969482422,28.554631775187982,109.60584973691063,143.1999969482422,29.3516158035297,183055400,238742400,27303200
2020-09-23,104.19752502441406,126.78666687011719,27.685192108154297,109.05138437794632,137.38333129882812,28.812243922157336,103.85706788480732,125.2933349609375,27.65298992581841,108.57475477224305,135.05332946777344,28.69953935495086,150718700,285222600,31251400
2020-09-24,105.26752471923828,129.26333618164062,27.628841400146484,107.24214072616157,133.1666717529297,28.03135948939217,102.13537212015387,117.0999984741211,27.178020034642362,102.300732370106,121.26667022705078,27.69324576849106,167743300,289683300,26796000
2020-09-25,109.21674346923828,135.77999877929688,27.886451721191406,109.37238186529035,136.2433319091797,28.12796195179445,104.73251422513682,130.43333435058594,27.274625598932424,105.4717817638898,131.1566619873047,27.3712290769798,149981400,201625500,23486000
2020-09-28,111.82363891601562,140.39999389648438,28.425832748413086,112.17381792247089,142.69332885742188,28.9008042864116,109.70311378636897,138.51666259765625,28.256772792131084,111.87227777517529,141.5399932861328,28.28897498103906,137672400,149158800,23396500
2020-09-29,110.97735595703125,139.69000244140625,27.596635818481445,112.16407270770064,142.8333282470703,28.264817238433025,110.47154603147797,137.1999969482422,27.36317768939725,111.42481261814176,138.6666717529297,28.17626277834605,99382200,150657900,20770500
2020-09-30,112.65042877197266,143.00332641601562,27.636892318725586,114.06087381847615,144.64332580566406,28.111860695918494,110.52018216302427,140.1566619873047,27.475884475608588,110.68554238257225,140.44000244140625,27.88645155813621,142675200,144436800,22223700
2020-10-01,113.60370635986328,149.3866729736328,26.67084312438965,114.50833415980816,149.6266632080078,27.451725943966295,112.66989821496011,144.80667114257812,26.517884321352536,114.4305149590877,146.9199981689453,27.20216675327388,116120400,152224500,36890200
2020-10-02,109.93655395507812,138.3633270263672,26.550090789794922,112.22244654459766,146.3766632080078,26.847953293434045,109.15838422824464,138.3333282470703,25.930212610729825,109.81010332254509,140.4633331298828,25.962414792466237,144712000,214290000,32694300
2020-10-05,113.32161712646484,141.89332580566406,27.16192054748535,113.46752627225055,144.54666137695312,27.16996955760933,110.45210275141814,139.77667236328125,26.70304712522078,110.80228173280487,141.11666870117188,26.82380377386448,106243800,134168400,22965200
2020-10-06,110.07274627685547,137.9933319091797,26.880159378051758,112.95198998188178,142.92666625976562,27.709345716859602,109.18756954507073,135.35000610351562,26.81575807619722,112.5434428788478,141.26333618164062,27.46783546070843,161498200,147438900,26731800
2020-10-07,111.94036865234375,141.76666259765625,26.968706130981445,112.39754721573827,143.3000030517578,27.161916123146025,111.01628226939263,137.9499969482422,26.735244952815105,111.49291934511135,139.9566650390625,27.08141068017385,96849000,129383100,23779300
2020-10-08,111.83335876464844,141.97332763671875,28.385568618774414,113.22434541737783,146.3333282470703,28.449972974223396,111.46372127712412,141.76666259765625,27.178014592824304,113.07843627342072,146.14666748046875,27.274621125997772,83477200,121263300,34413700
2020-10-09,113.77881622314453,144.6666717529297,27.966955184936523,113.80799657332764,144.8633270263672,28.941048119141428,111.78474151981321,142.15333557128906,27.894501813823904,112.13492056450798,143.3766632080078,28.72368800580357,100506900,86777100,29228600
2020-10-12,121.00608825683594,147.43333435058594,27.878402709960938,121.76480690611335,149.5800018310547,27.95890509650277,116.02577075981998,146.19332885742188,27.55638702185522,116.78448940909738,147.3333282470703,27.80594933368561,240226800,116373300,17912800
2020-10-13,117.79611206054688,148.88333129882812,27.548336029052734,121.9690718867462,149.6300048828125,28.071607645855412,116.38567436315013,145.53334045410156,27.45172948699186,121.85234309102313,147.78334045410156,27.958903084420037,262330500,103391100,20995100
2020-10-14,117.88367462158203,153.76666259765625,27.491989135742188,119.67347184273211,155.3000030517578,28.03941403081949,116.35650794568298,149.11666870117188,27.395382574750023,117.69885586154554,149.92666625976562,27.41953575048285,150712000,143639100,17743000
2020-10-15,117.4167709350586,149.6266632080078,27.73349380493164,117.89340060422654,152.19000244140625,27.74154281457344,114.92661561063214,147.5,26.783550976813757,115.48106448900049,150.10333251953125,27.12971673982124,112559200,107017200,23251600
2020-10-16,115.77287292480469,146.55667114257812,27.45173454284668,118.23385526990404,151.98333740234375,27.886454849277218,115.56860307094232,146.28334045410156,27.274628658388327,117.97121729976094,151.47999572753906,27.66909469606195,115393800,98327700,22627200
2020-10-19,112.81581115722656,143.61000061035156,26.904306411743164,117.1346730450766,149.0,27.66909136141031,112.50454176511802,142.9566650390625,26.880156310175195,116.68722375774855,148.74667358398438,27.45173123439107,120639300,108863400,23645800
2020-10-20,114.3040771484375,140.64666748046875,27.129718780517578,115.73397358180452,143.9166717529297,27.314876725896067,112.4753628325675,139.68333435058594,26.83185626586255,113.02981171272529,143.9166717529297,27.09751659759023,124423700,94968900,23040600
2020-10-21,113.68153381347656,140.8800048828125,26.69499969482422,115.47133103249566,144.31666564941406,27.0653156018243,113.27298669065874,140.4166717529297,26.6788986026543,113.4869857975519,140.89999389648438,26.976761130374427,89946000,97111500,28619300
2020-10-22,112.59209442138672,141.92999267578125,28.063562393188477,114.81961925340501,148.41000366210938,28.144064784714185,111.46373812027767,141.50332641601562,26.582295663941974,114.2457118461172,147.30667114257812,26.71110133296474,101988000,119979600,31831500
2020-10-23,111.9014663696289,140.2100067138672,27.500038146972656,113.37027245377989,140.9633331298828,28.240673093063794,111.16219869915412,135.7933349609375,27.258527886431693,113.21463402999635,140.6133270263672,28.152118614305873,82572600,101151000,27429100
2020-10-26,111.91118621826172,140.0933380126953,26.84795379638672,113.37026292295224,141.9199981689453,27.186070569014966,109.80038294532771,136.6666717529297,26.525941185897445,110.89955881245987,137.2100067138672,27.057264910625427,111850700,84717600,30888700
2020-10-27,113.41889190673828,141.55999755859375,26.42128562927246,114.08034029540528,143.5,26.72720021956676,111.41509565044463,140.03334045410156,26.32468215322078,112.3391745749253,141.25332641601562,26.68694902712599,92276800,68059500,27100700
2020-10-28,108.16622924804688,135.33999633789062,25.41499137878418,112.28082929645379,139.53334045410156,26.06707177529966,108.06895894073497,135.3333282470703,25.374740184893675,111.9111991601691,138.82666015625,25.841659561768186,143937800,76354200,42136400
2020-10-29,112.17379760742188,136.94332885742188,26.542041778564453,113.73987359676744,139.35333251953125,26.67084743453481,109.13891590818614,135.48666381835938,25.044674108553377,109.30428354663158,136.65333557128906,25.286184329626664,146129200,67965900,38622800
2020-10-30,105.89007568359375,129.34666442871094,26.260276794433594,108.93468016821244,135.8633270263672,26.6788959361025,104.78117782421192,126.37000274658203,25.769204280726434,108.03005218595369,135.63333129882812,26.091219950000674,190272600,127533900,47885700
2020-11-02,105.8025131225586,133.50332641601562,27.363174438476562,107.6604077052679,135.66000366210938,27.74153926257474,104.39207526396882,130.76666259765625,26.220021744665125,106.1332410376146,131.3333282470703,26.67889200971823,122866900,87063300,40130300
2020-11-03,107.42694854736328,141.3000030517578,26.896251678466797,108.44829771179337,142.58999633789062,27.765692001541264,105.76360211850799,135.56333923339844,26.670842589211276,106.66822990485883,136.57666015625,27.765692001541264,107624400,103055100,36773000
2020-11-04,111.81391143798828,140.32666015625,26.751354217529297,112.43645025464208,145.13333129882812,27.483937082150685,109.2848465676762,139.03334045410156,26.187828228366016,111.02601237155882,143.5399932861328,26.783556404560244,138235500,96429300,35410100
2020-11-05,115.7825927734375,146.02999877929688,26.703046798706055,116.35650010587017,146.6666717529297,27.306823892603504,113.68152628924997,141.3333282470703,26.67889669766027,114.73205582071998,142.76666259765625,26.864054637939194,126387100,85243500,30824100
2020-11-06,115.65104675292969,143.31666564941406,26.389080047607422,116.14798328794187,145.52333068847656,27.097512612990545,113.15658830155392,141.42666625976562,26.26027440580765,115.2905176092489,145.36666870117188,26.64669133120697,114457900,65118000,33985600
2020-11-09,113.34173583984375,140.4199981689453,29.729990005493164,118.86655905479424,150.8333282470703,30.599427589217164,113.0786522061061,140.3333282470703,29.02960930319193,117.41471118065078,146.5,29.319419783786802,154515300,104499000,76879400
2020-11-10,113.00068664550781,136.7866668701172,30.389551162719727,114.57920314699663,140.02999877929688,30.859492416158844,111.20779443592696,132.00999450683594,29.664026555017315,112.5914421772737,140.02999877929688,30.546197198845878,138023400,90852600,49055400
2020-11-11,116.43057250976562,139.0433349609375,30.076251983642578,116.56698735100086,139.56666564941406,30.603905030626795,113.45866925822499,136.86000061035156,29.837158213896526,114.18946623657861,138.81666564941406,30.579172276880733,112295000,52073100,34124500
2020-11-12,116.1577377319336,137.25332641601562,29.045679092407227,117.44394006005354,141.0,29.919606430646624,115.5341249324846,136.5066680908203,28.748873462625532,116.55724363092018,138.35000610351562,29.56508894452519,103162300,59565300,30933700
2020-11-13,116.20648193359375,136.1666717529297,29.74648094177246,116.60598047220772,137.50999450683594,29.886637456074947,114.85207193805832,133.8866729736328,29.16935903774633,116.38187353041393,136.9499969482422,29.1858485944398,81581900,59313300,29241500
2020-11-16,117.2198486328125,136.02999877929688,31.461345672607422,117.89217685699917,137.48333740234375,31.469588876254168,115.12489562341473,134.69667053222656,30.58741826820758,115.87517731633525,136.30999755859375,30.991404438229726,91183000,80515800,38596800
2020-11-17,116.33311462402344,147.20333862304688,31.881824493408203,117.58034006561653,154.0,31.91480360457461,115.91412413029607,144.336669921875,30.818274891311297,116.4890215212476,153.38999938964844,31.172792473697314,74271000,183564900,26521100
2020-11-18,115.0079574584961,162.2133331298828,30.678115844726562,116.75212717189736,165.3333282470703,32.26107861617342,114.97872676825749,147.8333282470703,30.669872639303414,115.57310891661412,149.4499969482422,32.17038763121276,76322100,234132000,31068000
2020-11-19,115.60233306884766,166.42333984375,30.834760665893555,116.01157757714591,169.5366668701172,30.917205288638957,113.81918672462538,162.52333068847656,30.142215141625613,114.579214364051,164.0,30.389552154922573,74113000,187425900,26954400
2020-11-20,114.33561706542969,163.20333862304688,30.45550537109375,115.72900356959502,167.5,30.843001993554232,114.28690172841969,163.02000427246094,30.32359209569069,115.60233477250766,165.99667358398438,30.793533335880372,73604300,98735700,18351000
2020-11-23,110.93499755859375,173.9499969482422,32.45069885253906,114.60847512000458,175.3333282470703,32.508410716901,110.83755943271615,167.26333618164062,30.735823039896573,114.17973844528015,167.8333282470703,30.917204982211647,127959300,150780900,29367600
2020-11-24,112.22118377685547,185.1266632080078,34.61078643798828,112.88377334383199,186.663330078125,34.69323422024993,109.70724035208704,175.39999389648438,33.15974006585775,110.99345018861624,180.13333129882812,33.398830771763244,113874200,160945500,46979300
2020-11-25,113.05916595458984,191.3333282470703,33.64616394042969,113.76073225947121,191.3333282470703,34.38817495531408,112.22118480532058,181.7899932861328,33.5142506614462,112.59146004070323,183.35333251953125,34.35519584930304,76499200,146790600,28178200
2020-11-27,113.60481262207031,195.25332641601562,33.1349983215332,114.48177040505827,199.5933380126953,33.753342426791136,113.24429090254516,192.81666564941406,32.871171754894675,113.58532797535975,193.72000122070312,33.55547407434262,46691300,112683300,14971900
2020-11-30,116.0018310546875,189.1999969482422,31.43661117553711,117.8726693370055,202.60000610351562,32.87941390347077,113.81917895793265,184.836669921875,31.304697909071304,113.97508586515107,200.73666381835938,32.81345569770769,169410200,189009300,45614300
2020-12-01,119.57786560058594,194.9199981689453,31.741657257080078,120.30866252291607,199.28334045410156,32.689785939666244,116.93725361331916,190.68333435058594,31.71692450459768,117.91164950975933,199.19667053222656,32.12090747209051,127728200,120310500,32472900
2020-12-02,119.92864990234375,189.60667419433594,32.928890228271484,120.21122560718797,190.51333618164062,33.32463015765022,117.79472048917064,180.40333557128906,31.609757130342366,118.89578518676296,185.47999572753906,31.65097944995364,89004200,143327100,29369500
2020-12-03,119.79222869873047,197.7933349609375,33.1514778137207,120.61071764794492,199.6566619873047,33.505995244745286,119.08091645415566,194.14332580566406,32.75573808386857,120.35737264430932,196.67333984375,33.03605411897964,78967600,127656000,27038900
2020-12-04,119.11988830566406,199.67999267578125,34.36344528198242,119.71427034714844,199.67999267578125,34.429400354862395,118.4085760901983,195.1666717529297,33.51425366888923,119.46092535388048,197.00332641601562,33.61318785073966,78260400,88203900,28723600
2020-12-07,120.58148193359375,213.9199981689453,33.720367431640625,121.38048620338768,216.26333618164062,34.24802058004738,119.11988821318656,201.01666259765625,33.530739132937406,119.17834958310681,201.63999938964844,34.149083255925476,86712000,168929100,24899400
2020-12-08,121.19538116455078,216.6266632080078,34.82514572143555,121.78002475694831,217.0933380126953,35.11370508173881,119.93840933537943,206.1666717529297,33.341117168272625,121.18564255631568,208.50332641601562,33.41531859593077,82225500,192795000,32573800
2020-12-09,118.66193389892578,201.4933319091797,35.28683853149414,122.72516309946796,218.10667419433594,36.05358552186703,117.90190627108922,196.0,34.94056732038946,121.34152267781417,217.89666748046875,35.212637108391576,115089200,213873600,37824800
2020-12-10,120.08455657958984,209.02333068847656,36.284427642822266,120.69843079499793,209.25,36.66368105220612,117.07367661772612,188.77999877929688,35.25385422125191,117.41471371847992,191.4566650390625,35.61661807848339,81312200,201249600,38058700
2020-12-11,119.27581787109375,203.3300018310547,36.11129379272461,119.61685498411975,208.0,36.218474314319344,117.46344071723955,198.93333435058594,35.62486298863852,119.29530252010173,205.00332641601562,36.02884917307367,86939800,139425000,25478800
2020-12-14,118.66193389892578,213.27667236328125,34.80865478515625,120.19173519532912,214.25,36.65544090796685,118.42808095975704,203.39999389648438,34.775675675269376,119.46093825563229,206.3333282470703,36.55650672336725,79184500,156121800,30595000
2020-12-15,124.60574340820312,211.0833282470703,35.484710693359375,124.62523548902008,215.63333129882812,35.63311354229088,120.95175883034318,207.93333435058594,34.676741374210614,121.15638107461726,214.42666625976562,34.990033481900674,157243700,135214500,27138400
2020-12-16,124.53752136230469,207.58999633789062,36.02885055541992,125.08318061626277,210.8333282470703,36.366878541055186,123.31952664611268,201.6666717529297,35.41874965338857,124.14776900036307,209.41000366210938,36.070072866827,98208600,126287400,34273000
2020-12-17,125.40476989746094,218.63333129882812,35.84746170043945,126.26224318770603,219.60667419433594,36.30915967635003,124.76166492977711,206.5,35.78150664391517,125.59964613576102,209.39666748046875,36.27618057555781,94359800,168810300,21204600
2020-12-18,123.41698455810547,231.6666717529297,35.2291259765625,125.79451286164254,231.6666717529297,36.094807132517985,122.89080989581198,209.51333618164062,34.97354260306441,125.65809803446096,222.96665954589844,35.67433450650334,192541500,666378600,46596800
2020-12-21,124.94678497314453,216.6199951171875,34.5860481262207,125.02473843111304,222.8333282470703,34.69322865343218,120.28917365326492,215.35667419433594,33.41531496644973,121.8189749541549,222.0800018310547,33.89350259165414,121251600,174135900,27869500
2020-12-22,128.5033721923828,213.44667053222656,34.00068664550781,130.96859332329765,216.6266632080078,34.54482939731714,126.33045801920044,204.7433319091797,33.992440295218856,128.24028106231793,216.0,34.281002799170864,168904800,155148000,21792900
2020-12-23,127.60689544677734,215.32666015625,34.43764114379883,129.0392437617865,217.1666717529297,34.94880467005677,127.43149645083432,207.52333068847656,34.182057808139646,128.77616757002454,210.73333740234375,34.223280115165856,88223700,99519000,19085900
2020-12-24,128.59104919433594,220.58999633789062,34.297489166259766,130.04290467587725,222.02999877929688,34.503603892367245,127.74332938014881,213.6666717529297,34.11611034592676,127.95769770274158,214.3300018310547,34.338714627530166,54930100,68596800,8039000
2020-12-28,133.19021606445312,221.22999572753906,34.41291809082031,133.82356763345643,227.13333129882812,35.08072783008133,130.09162848432888,220.26666259765625,34.23153611469445,130.55934935520793,224.836669921875,34.371692627110754,124486200,96835800,23877500
2020-12-29,131.416748046875,221.99667358398438,34.02540969848633,135.23637754463604,223.3000030517578,34.72619831017188,130.90031949667383,218.3333282470703,33.96769784317388,134.51533421618103,220.3333282470703,34.660243251983474,121047300,68732400,20287700
2020-12-30,130.29623413085938,231.5933380126953,34.297489166259766,132.50811721089653,232.1999969482422,34.973545216287405,129.9844202745973,222.7866668701172,34.02541936322969,132.10861128309938,224.0,34.074888029717485,96452100,128538000,23807300
2020-12-31,129.29263305664062,235.22332763671875,33.984188079833984,131.29014822326337,239.57333374023438,34.36343832098678,128.34746756123533,230.3733367919922,33.77807340811264,130.6470431683906,233.3300018310547,34.19030275155532,99116600,148949700,22786500
2021-01-04,126.09659576416016,243.2566680908203,34.21503829956055,130.18905617994074,248.163330078125,34.83338236521526,123.51444475784658,239.06333923339844,33.80280892245741,130.10136410422703,239.82000732421875,34.173815990862344,143301900,145914600,27764700
2021-01-05,127.65559387207031,245.0366668701172,35.863956451416016,128.3669135415631,246.94667053222656,36.935752222101385,125.14165081624391,239.73333740234375,34.487111816818334,125.58987944540236,241.22000122070312,34.49535502068164,97664900,96735600,44035100
2021-01-06,123.35852813720703,251.9933319091797,36.77910232543945,127.69459465788168,258.0,37.18308531858571,123.14415983466812,249.6999969482422,36.0288450502504,124.44985429829092,252.8300018310547,36.614209959945754,155088000,134100000,36484800
2021-01-07,127.56793212890625,272.0133361816406,37.067665100097656,128.25975988289687,272.3299865722656,37.57058544697942,124.58628252358339,258.3999938964844,36.713147581642005,125.07348056022057,259.2099914550781,37.10064420531692,109578200,154496700,29528100
2021-01-08,128.66900634765625,293.3399963378906,37.47990036010742,129.2341578626651,294.8299865722656,37.77670606352335,126.89559833144519,279.46331787109375,37.0594277103089,129.03926675065185,285.3333435058594,37.26554243267429,105158200,225166500,28628200
2021-01-11,125.6776123046875,270.39666748046875,38.61764907836914,126.83714611168664,284.80999755859375,38.864986081418714,125.20990631188384,267.8733215332031,36.89453011587021,125.8822420398484,283.1333312988281,37.13362391501107,100384500,177904800,38246200
2021-01-12,125.50218200683594,283.14666748046875,39.47509002685547,126.36939367406505,289.3333435058594,39.714180699525016,123.61185177604212,275.7799987792969,38.675363947924474,125.20986029323174,277.0,39.1288156796147,91951100,138812100,36915100
2021-01-13,127.53868103027344,284.8033447265625,39.92029571533203,128.08434036510624,286.8233337402344,40.15938953489755,125.20013677581811,277.3333435058594,39.318441136642235,125.46321296847564,284.2533264160156,40.01098669137833,88636800,99937500,29000300
2021-01-14,125.60939025878906,281.6666564941406,41.47852325439453,127.6458743033761,287.6666564941406,42.11335690618212,125.46322193987007,279.5833435058594,39.986251697980016,127.45099807958694,281.1300048828125,39.986251697980016,90221800,93798900,35474800
2021-01-15,123.88469696044922,275.38665771484375,39.483333587646484,126.8858381851589,286.6333312988281,40.46444162613004,123.74828212605794,273.0333251953125,38.98865953862315,125.48270567821912,284.0,40.32428198703486,111598500,116332800,42411300
2021-01-19,124.55705261230469,281.51666259765625,40.266578674316406,125.41452591995923,283.3333435058594,40.76125282843568,123.68984069637378,277.6666564941406,39.86259237057179,124.50832983471444,279.26666259765625,39.94504015963272,90757300,76101000,24932600
2021-01-20,128.64950561523438,283.48333740234375,40.8354377746582,129.09773432738962,286.5,41.00857648923325,125.25861162121556,279.09332275390625,40.39023247377175,125.36579577837638,286.2466735839844,40.489166635628706,104319500,76997700,22342400
2021-01-21,133.36557006835938,281.663330078125,39.664710998535156,136.0938817254987,285.239990234375,40.720017192989125,130.1695525142569,280.47332763671875,39.310193484136924,130.3741822074859,285.0,40.670551680786936,120150900,61563300,29044500
2021-01-22,135.50924682617188,282.21331787109375,39.10408401489258,136.26927444924834,282.6666564941406,39.277219620826216,131.56294040290453,276.2066650390625,38.45276076012017,132.7906739013892,278.10333251953125,38.75780965796434,114459400,60199500,23264800
2021-01-25,139.26065063476562,293.6000061035156,38.667118072509766,141.3750878076961,300.1333312988281,38.79078500257727,133.04400046392547,279.6066589355469,38.05701719097051,139.40681893054085,285.0,38.667118072509766,157611700,123520200,26395800
2021-01-26,139.49453735351562,294.36334228515625,37.81792068481445,140.60534821810342,298.6333312988281,39.4585949248697,137.75036015705467,290.5333251953125,37.801431132972745,139.92327397986588,297.1266784667969,38.96391780479968,98390600,69394800,23976800
2021-01-27,138.4226837158203,288.0533447265625,37.38920593261719,140.60533595593498,297.1666564941406,38.469248110478325,136.81493637532154,286.2200012207031,36.71314995718068,139.7576013848175,290.1166687011719,37.100646605928716,140843800,82002000,32410300
2021-01-28,133.5799560546875,278.4766540527344,37.974578857421875,138.35450580385896,282.6666564941406,38.41154107710642,133.19994217532178,267.0,37.66952679362212,135.947746278508,273.3333435058594,37.87564152291652,142621100,79134000,24967200
2021-01-29,128.58131408691406,264.510009765625,36.96873092651367,133.2389261898638,280.8033447265625,37.95808206758764,126.8761209359315,260.0333251953125,36.69665802606759,132.35222218300783,276.6666564941406,37.554095891335734,177523800,104972400,38961100
2021-02-01,130.70550537109375,279.9366760253906,37.034690856933594,131.91376200881854,280.6666564941406,37.57883672930728,127.57768703435836,265.1866760253906,36.51528403431307,130.32549144869654,271.42999267578125,37.57883672930728,106239800,76174200,24412400
2021-02-02,131.5337371826172,290.92999267578125,37.62006378173828,132.8199323256062,293.5,38.74132848712923,131.16346190037416,280.73333740234375,37.33150125443425,132.25478079358965,281.55999755859375,37.76846664833775,83305400,73038600,31940400
2021-02-03,130.5106201171875,284.89666748046875,39.0958366394043,132.29376682043633,292.6933288574219,39.30195134917356,130.1890676099028,284.35333251953125,37.446918961250205,132.2840133435427,292.3399963378906,37.62005770770266,89880900,55030500,28459300
2021-02-04,133.87225341796875,283.3299865722656,39.84608840942383,133.88199202454763,285.5,39.88731071326902,131.1439418976162,277.8066711425781,38.95567155007885,132.81016544490666,285.0,39.47508138469675,84183100,47438100,25280300
2021-02-05,133.45751953125,284.07666015625,41.18171691894531,134.1015854508509,288.25665283203125,41.321873402695346,132.57925865202728,279.65667724609375,40.431459550776985,134.033283551068,281.6666564941406,40.54688327740893,75693800,55699800,34980100
2021-02-08,133.60386657714844,287.8066711425781,42.95429992675781,133.6526621426791,292.5899963378906,43.168660964537665,131.6619162354287,284.9166564941406,41.80830275920268,132.74511227281954,289.8900146484375,41.981438343136794,71297200,60485100,36998700
2021-02-09,132.7256622314453,283.1533203125,42.45122528076172,134.5505161065676,286.6000061035156,42.727915382263916,132.56953718448068,280.5833435058594,41.73014926098225,133.3209327133247,285.0400085449219,42.48476124564607,76774200,45473100,28977000
2021-02-10,132.12057495117188,268.2733459472656,42.8620719909668,133.68194379137316,281.6066589355469,43.11360933769596,131.15447630613667,266.67333984375,42.24999660781982,133.18424984227164,281.21331787109375,42.45122840428569,73046600,108648300,25723800
2021-02-11,131.86688232421875,270.5533447265625,41.788841247558594,133.09645045385943,276.6266784667969,42.70276266001559,130.53972304081887,267.24334716796875,40.900072608412586,132.61827762495054,270.8133239746094,42.669223496620496,64280000,64868400,26972200
2021-02-12,132.10110473632812,272.0400085449219,42.35898971557617,132.257244658681,272.4433288574219,42.51829592701352,130.46168022259064,261.77667236328125,41.428298820640926,131.10574623455432,267.086669921875,41.445068400550696,60145100,71304900,19756700
2021-02-16,129.9737548828125,265.40667724609375,43.63346481323242,132.72565030112574,273.6666564941406,44.04430847524642,129.58340507467835,264.14666748046875,43.28130990446323,132.2182178860353,272.6666564941406,43.566386469287245,80576300,59406900,28060100
2021-02-17,127.68047332763672,266.04998779296875,44.3126106262207,129.0271538654206,266.61334228515625,44.664765496622586,126.34356083975098,254.00332641601562,43.432228247922694,128.08057622514062,259.6966552734375,43.89338061765297,97918500,77989500,25509700
2021-02-18,126.5777587890625,262.4599914550781,43.6166877746582,126.86074929343846,264.89666748046875,44.38806940739627,124.33329640042257,258.75665283203125,43.48253430816154,126.08006478126129,260.29998779296875,44.279071914816505,96856700,53871300,20627600
2021-02-19,126.73388671875,260.4333190917969,43.9101448059082,127.55361366522426,265.5966796875,44.069454236608706,125.68973288562044,259.1233215332031,43.532837204868514,127.094962062069,265.0,43.69214663556902,87668800,56874900,22607200
2021-02-22,122.95735168457031,238.1666717529297,45.528377532958984,126.58752230648321,256.1666564941406,45.9559939257244,122.5670093965397,236.73333740234375,44.0946116951549,124.91880883902334,254.2133331298828,44.0946116951549,103916400,111809100,36435100
2021-02-23,122.82074737548828,232.94667053222656,46.15721130371094,123.65022018140999,237.8699951171875,46.33328709390032,115.5311309097856,206.3333282470703,45.05883101384073,120.77145942992851,220.7100067138672,46.09851937364781,158273000,199820700,33527900
2021-02-24,122.32305145263672,247.33999633789062,47.54067611694336,122.52797948716125,248.3333282470703,47.79221344273733,119.27839785951765,231.38999938964844,46.0062929922001,121.92295598861077,237.28334045410156,46.27459989950975,111039900,110301000,28728600
2021-02-25,118.06832885742188,227.4066619873047,46.75252151489258,123.40624037390658,245.73666381835938,48.00182814377824,117.62919844492515,223.52667236328125,46.40875309193273,121.66922504247013,242.0500030517578,47.77544359229679,148199500,117071700,29670900
2021-02-26,118.33182525634766,225.1666717529297,45.58707046508789,121.83513064841705,235.56666564941406,46.16560992683915,118.2732690688628,219.836669921875,44.5389954384036,119.62970286388716,233.3333282470703,45.620609633574865,164560400,123267600,35291000
2021-03-01,124.70413208007812,239.47666931152344,47.28914260864258,124.84075076896436,239.6666717529297,48.30367838371165,119.82487191939815,228.35000610351562,47.06275803761155,120.76168897682948,230.0366668701172,47.34783454945015,116307900,81408600,36998300
2021-03-02,122.09861755371094,228.81333923339844,47.012451171875,125.6116836281733,240.3699951171875,47.758680047861745,121.99127322699131,228.3333282470703,46.970528812257854,125.3091718593238,239.42666625976562,47.498759499152804,102260900,71196600,30302600
2021-03-03,119.11249542236328,217.73333740234375,47.389766693115234,122.67435679168018,233.56666564941406,48.5971481227941,118.89780678629857,217.23666381835938,46.85315272436907,121.79608848285189,229.3300018310547,47.305918761453924,112966300,90624000,35358900
2021-03-04,117.22909545898438,207.14666748046875,49.225990295410156,120.61530301450836,222.81666564941406,49.86322174432814,115.75556433244158,200.0,47.876069061265035,118.80997834389994,218.60000610351562,47.892838646601966,178155000,197758500,52137500
2021-03-05,118.48794555664062,199.31666564941406,51.08735656738281,118.99539275523834,209.27999877929688,51.187970849184836,114.73091692483256,179.8300018310547,49.56135996642573,118.05857574839611,208.68666076660156,50.165052054178545,153766600,268189500,51429800
2021-03-08,113.55012512207031,187.6666717529297,51.037052154541016,118.0780772404724,206.7100067138672,51.65751387494651,113.40374585133544,186.26333618164062,50.156669917569815,118.00976790681733,200.18333435058594,51.63236110198096,154376600,155361000,38154600
2021-03-09,118.16590881347656,224.52667236328125,50.248905181884766,119.11248639429279,226.02999877929688,51.47305594423624,115.92145380009946,198.40333557128906,49.86321437157746,116.1556561829824,202.72666931152344,50.81905820515247,129525800,202569900,35645900
2021-03-10,117.08272552490234,222.68666076660156,51.79167175292969,119.2198363292163,239.28334045410156,51.91743882697273,116.56551771410868,218.35333251953125,50.33275002534578,118.75143154135017,233.43333435058594,50.74359681021653,111943300,181817100,31579100
2021-03-11,119.0149154663086,233.1999969482422,51.405982971191406,120.23473053231106,234.1666717529297,52.445671564266846,118.33182200741135,225.72666931152344,51.364057413050915,119.58091144377221,233.13333129882812,51.800056990249686,103026500,108761700,24802600
2021-03-12,118.10737609863281,231.2433319091797,51.95936584472656,118.24399479427487,231.6266632080078,52.294747916744285,116.28253747320228,222.04666137695312,51.565288631672985,117.49259196824357,223.3333282470703,51.60721099086632,88105100,100751400,20422700
2021-03-15,120.99588012695312,235.97999572753906,50.63459777832031,121.00564073101157,237.72666931152344,51.867134974813496,117.51208899403603,228.01333618164062,50.198598204061014,118.47818777651618,231.3633270263672,51.55690567718571,92403800,88006800,31243600
2021-03-16,122.53773498535156,225.6266632080078,49.561370849609375,124.14789226969461,235.97332763671875,50.02252320747598,121.70826227679905,223.6666717529297,48.9996009893758,122.66459306472457,234.4499969482422,49.92190890358006,115227900,96587100,30624800
2021-03-17,121.7472915649414,233.93666076660156,49.77936935424805,122.82072722265787,234.57666015625,50.08121546630551,119.38572418377375,217.00332641601562,49.150524353618685,121.05443757273207,218.9566650390625,49.20921629779974,111932600,121117500,25575500
2021-03-18,117.61943817138672,217.72000122070312,47.63291549682617,120.20544741210641,229.7433319091797,49.44398903524912,117.41451014863442,217.3333282470703,47.389761320283405,119.91268883951182,228.09666442871094,49.309835558272276,121229700,99674400,38622800
2021-03-19,117.09247589111328,218.2899932861328,47.36460876464844,118.49770511150997,219.07666015625,48.186299214787894,116.78996416261775,208.2066650390625,46.79445568520943,117.00465278741832,215.53334045410156,47.54906779731079,185549500,128682000,84439400
2021-03-22,120.41036224365234,223.3333282470703,46.878299713134766,120.8787744194562,233.2066650390625,47.674837373916816,117.35594855559042,222.9166717529297,46.869916520240096,117.42425788902442,228.19667053222656,47.37299125417026,111912300,118536600,29315100
2021-03-23,119.58090209960938,220.72000122070312,46.29976272583008,121.23984748167706,225.93333435058594,47.19691467968585,119.19055981995824,219.1699981689453,45.65414813500909,120.35182605450146,225.2566680908203,46.064991748322655,95467100,91475700,33493300
2021-03-24,117.19007110595703,210.08999633789062,47.23883819580078,119.9322204758505,222.67333984375,48.02698947217846,117.17055734049535,210.0366668701172,47.02083999543119,119.8541505236829,222.6366729736328,47.02083999543119,88530500,101385600,29781800
2021-03-25,117.67799377441406,213.4633331298828,47.104671478271484,118.72216260318802,215.1666717529297,47.37297835644808,116.12639260654137,203.1666717529297,45.69605876860921,116.65335360086424,204.3333282470703,46.29136445465914,98844700,117674700,31495900
2021-03-26,118.28302001953125,206.23666381835938,48.38752746582031,118.5465042288051,214.60667419433594,48.446219411923934,116.04831804624526,199.9633331298828,47.38976118358757,117.44378670396847,213.9566650390625,48.04375898215431,94071200,101558400,34226500
2021-03-29,118.45868682861328,203.76333618164062,48.127601623535156,119.61995321991907,205.4933319091797,48.479753261519015,117.81462830863143,198.67333984375,47.57421819350993,118.71241046141134,205.2133331298828,48.077292875907105,80819200,85911000,21144400
2021-03-30,117.00465393066406,211.8733367919922,47.532291412353516,117.49257992082933,212.55332946777344,48.09406121840092,115.98976697770112,197.00332641601562,47.364601988192014,117.2095819531143,200.5833282470703,47.67483126105568,85671900,118297200,20303400
2021-03-31,119.2003173828125,222.64332580566406,46.81121826171875,120.5372297916679,224.0,47.48198554932466,118.22446543116469,213.70333862304688,46.78606228948491,118.71239140698859,215.5399932861328,47.24721459980955,118323800,100011900,23686500
2021-04-01,120.02980041503906,220.5833282470703,48.119224548339844,121.18130611520114,230.80667114257812,48.16953330570707,119.53211379208796,219.80667114257812,47.07114942505845,120.6738663324064,229.4566650390625,47.22207249868869,75089100,105895200,23194500
2021-04-05,122.85977172851562,230.35000610351562,47.37298583984375,123.11349534026344,236.05332946777344,48.0605227235886,120.09810870436394,228.23333740234375,47.07113975459561,120.87879330428332,235.90333557128906,48.04375314124473,88651200,125528400,23264800
2021-04-06,123.16227722167969,230.5399932861328,47.23883819580078,124.0600592543952,232.18333435058594,48.24499087101923,122.6158024965763,227.1233367919922,47.17175985816633,123.44527518865387,230.10000610351562,47.658068210602536,80171300,84815400,18926300
2021-04-07,124.81147003173828,223.6566619873047,47.44845962524414,124.830983795515,230.4600067138672,47.59938270687756,122.11811647580448,222.6133270263672,47.15499985455226,122.79145672607788,229.0,47.280766956932375,83466700,78928200,22385000
2021-04-08,127.21207427978516,227.93333435058594,46.953765869140625,127.24134865016218,229.85000610351562,47.02084421279142,125.4165100751645,223.88333129882812,46.38361274199477,125.83611931078231,225.7933349609375,46.89507391768191,88844600,71772900,21999300
2021-04-09,129.788330078125,225.67333984375,46.84476089477539,129.82735761061758,226.99000549316406,47.32268285512283,126.34357333569822,223.14332580566406,46.559684357158396,126.66560631746748,225.92333984375,46.95376159404779,106686700,64311300,20020700
2021-04-12,128.07078552246094,233.9933319091797,46.53452682495117,129.64190739253817,234.93333435058594,47.616140918785746,127.47551537565364,227.3633270263672,46.37522058727022,129.3198745370212,228.56666564941406,47.59098494554181,91420000,87407100,20238800
2021-04-13,131.18380737304688,254.10667419433594,46.710601806640625,131.40826410568187,254.3333282470703,46.93698637094633,128.7441768121527,236.8866729736328,46.190757547015004,129.241870976382,237.56666564941406,46.366833364206954,91266500,133958400,19370600
2021-04-14,128.84173583984375,244.07666015625,48.06052017211914,131.7400174141813,260.2633361816406,48.63905633915049,128.48067537183306,242.67666625976562,47.16336835441067,131.68146867778168,256.8999938964844,47.297521807568835,87222800,147052200,28051100
2021-04-15,131.25213623046875,246.28334045410156,47.775447845458984,131.74006238745935,247.89666748046875,48.14436907415831,130.41290264483195,240.43666076660156,47.60775521478806,130.58856380431737,247.6999969482422,48.14436907415831,89347100,83546700,23250300
2021-04-16,130.92030334472656,246.5933380126953,47.50715255737305,131.41798248691907,249.80332946777344,48.36238230474451,130.06154884966244,241.53334045410156,47.32269029858557,131.05692202436683,242.88333129882812,48.09407530931092,84922400,83938500,22752000
2021-04-19,131.58387756347656,238.2100067138672,47.35621643066406,132.1986690764981,241.8000030517578,47.909599856152234,130.12009959176393,230.60000610351562,46.92021688354144,130.2859926417197,239.86666870117188,47.58260099542797,94264200,119058600,21123300
2021-04-20,129.89566040039062,239.663330078125,46.35845184326172,132.25722045509355,245.75,47.347834849532624,128.6270498214987,236.89666748046875,45.930835473558226,131.75954129528387,239.13999938964844,47.347834849532624,94812300,106827000,21782100
2021-04-21,130.27626037597656,248.0399932861328,46.953765869140625,130.5202234103885,248.27999877929688,47.062766578337424,128.12938865121586,232.6666717529297,45.52838305127599,129.16378953467097,234.92333984375,45.6960757119315,68847100,93646500,16625600
2021-04-22,128.75392150878906,239.89666748046875,46.34168243408203,130.91054619483594,251.2566680908203,46.94537462958822,128.2367211149233,239.34666442871094,46.132067443805816,129.8273498266732,247.1666717529297,46.94537462958822,84566500,106770900,21600100
2021-04-23,131.07644653320312,243.13333129882812,46.59321975708008,131.85711621347775,245.7866668701172,46.90344904694631,128.9686026596944,238.48666381835938,46.26622088418448,128.9686026596944,239.93333435058594,46.34168240858122,78657500,85110000,15337900
2021-04-26,131.46676635742188,246.06666564941406,46.68544387817383,131.7985524226745,249.76666259765625,47.196904889383134,130.33477460387036,244.20333862304688,46.484212110405906,131.5741106597469,247.0,46.50936808042092,66905100,93115500,16083800
2021-04-27,131.14476013183594,234.913330078125,47.29752731323242,132.1401334204204,241.3333282470703,47.481989532223686,130.87152274129448,234.4499969482422,46.7944526049466,131.7497836551319,239.32000732421875,46.96214204206121,66015800,88311000,19278600
2021-04-28,130.35433959960938,231.46665954589844,48.7229118347168,131.7595691601595,236.1666717529297,49.01637155968279,129.86641349610298,231.1999969482422,47.61614487417203,131.0667075414383,232.1366729736328,47.716759180093064,107760100,66813000,24729800
2021-04-29,130.25672912597656,225.6666717529297,49.418819427490234,133.7600493468008,234.0833282470703,49.871588486820215,129.25160269288304,222.8333282470703,48.756438616770794,133.174532153205,233.1699981689453,49.40204984768502,151101000,86536200,27318400
2021-04-30,128.2855224609375,236.47999572753906,47.99345016479492,130.3348029182655,238.49000549316406,49.37690719836472,127.90494074098223,222.04666137695312,47.926371831824504,128.59778738715457,222.52999877929688,48.90737166145563,109839500,122276100,30518400
2021-05-03,129.33941650390625,228.3000030517578,49.31821060180664,130.83248375117557,235.3333282470703,49.46075044668099,128.64656992797262,226.8333282470703,48.41267558146328,128.85149050777056,234.60000610351562,48.613904164441514,75135100,81129300,20509600
2021-05-04,124.76268005371094,224.53334045410156,49.62844467163086,128.31478827842903,227.81666564941406,49.88836841482149,123.64044873461123,219.23333740234375,49.05829163386951,128.02202969252124,226.31333923339844,49.46913842814232,137564700,89217900,23522200
2021-05-05,125.00664520263672,223.64666748046875,51.120906829833984,127.29988843260809,228.43333435058594,51.18798196611249,124.8797796797169,222.44667053222656,49.80452489584899,126.08007345167024,227.02000427246094,50.11475419788805,84000900,65705700,31526200
2021-05-06,126.60704803466797,221.17999267578125,51.607208251953125,126.61680119447594,227.0066680908203,51.68266977388462,124.06006618952057,216.6666717529297,50.33274876959391,124.80171581873422,226.9199981689453,51.02867204945888,78128300,83353800,26836800
2021-05-07,127.28153991699219,224.1233367919922,52.34505844116211,128.30791313173893,230.0,52.37859760904203,126.56794712300402,220.07333374023438,51.020290096145075,127.90714550535066,221.93333435058594,51.204752321013544,78973300,70407600,33610600
2021-05-10,123.99707794189453,209.67999267578125,52.47083282470703,126.62657341198205,221.68333435058594,53.6782109780905,123.95797666716017,209.20333862304688,52.428907262342996,126.49950732025513,221.63333129882812,53.02421634411607,88071200,94177200,31956600
2021-05-11,123.07823181152344,205.73333740234375,50.80228805541992,123.43012839060427,209.03334045410156,52.3115153125646,120.00884494360865,198.53334045410156,50.6345954271881,120.72243020113098,199.74667358398438,51.6742871634487,126142800,139511700,34563800
2021-05-12,120.00885009765625,196.6300048828125,51.07450485229492,121.83679573122357,206.80332946777344,52.46961070684359,119.50054838799285,195.58999633789062,50.82780843421674,120.62468591755979,200.8300018310547,51.04898240710557,112172300,101470800,34426500
2021-05-13,122.15937805175781,190.56333923339844,50.44500732421875,123.31283969833798,202.15333557128906,51.42328449356429,121.4653471184995,186.5500030517578,49.97713690434033,121.77814989768362,200.51333618164062,50.189805572018365,105861300,132554700,24268200
2021-05-14,124.58358764648438,196.5800018310547,51.695499420166016,125.013694229742,197.6233367919922,51.78907415187265,123.01957387710111,190.15333557128906,50.98093257675736,123.4105791838984,194.47000122070312,50.98093257675736,81918000,100112700,20735400
2021-05-17,123.43013763427734,192.27667236328125,52.90345764160156,124.07529756948797,196.57666015625,52.95449929106987,122.35487853339957,187.06666564941406,51.406271619594904,123.96777091361953,191.85000610351562,51.49984635442027,74244600,97171200,25282500
2021-05-18,122.04208374023438,192.6233367919922,51.40626907348633,124.13395388767103,198.75,52.99702975152933,121.9736583600026,187.7933349609375,51.380749872549316,123.71362442115952,189.3333282470703,52.74182800696051,63342900,110491800,25170800
2021-05-19,121.88567352294922,187.82000732421875,50.17279052734375,122.1104965529405,188.73666381835938,50.92138512885382,120.09682917810171,182.32666015625,49.69641155455257,120.39008503908883,184.18333435058594,50.274870576846766,92612000,118735200,28889800
2021-05-20,124.44674682617188,195.5933380126953,50.05369567871094,124.84752934847808,196.28334045410156,50.31740598391916,122.28645146975369,190.35667419433594,49.54329219547731,122.41353249282957,191.6666717529297,50.147270407819214,76857100,92463300,20692500
2021-05-21,122.60902404785156,193.6266632080078,50.12174606323242,125.12122331133726,198.89332580566406,50.895863067412805,122.39397075203622,193.3333282470703,50.06219910061333,124.94527129274346,198.70333862304688,50.54708336483514,79295400,78091800,20792700
2021-05-24,124.24147033691406,202.14666748046875,50.70872116088867,125.06258229000034,204.82666015625,50.87034819132129,123.10756306374581,191.21665954589844,49.926098722064296,123.17598843835246,193.86666870117188,50.257864592531085,63092900,103674300,18400300
2021-05-25,124.04595184326172,201.56333923339844,49.560302734375,125.43402094302525,204.663330078125,50.649168472218456,123.47899456714741,198.57000732421875,49.441208804860764,124.9452587557018,202.43666076660156,50.61514070805262,72009500,84017700,25616100
2021-05-26,123.99707794189453,206.3766632080078,50.138763427734375,124.52493396410016,208.72332763671875,50.291885126553666,123.57674856075704,200.5,49.254064245192836,124.10460458296265,202.52000427246094,49.551799078971285,56575900,85917900,21698700
2021-05-27,122.46240234375,210.28334045410156,49.81550979614258,124.7693256123678,210.3766632080078,50.78527839981153,122.26690340551721,205.40333557128906,49.356144695962655,123.5963170673582,206.74667358398438,50.38546026686978,94625600,79111800,33556000
2021-05-28,121.8074722290039,208.4066619873047,49.65386962890625,122.9707110430963,211.8633270263672,50.0196599233091,121.74882403932074,207.4600067138672,49.432695686857535,122.74588055296678,209.5,49.9601129679473,71311100,68211000,19246800
2021-06-01,121.4848861694336,207.96665954589844,51.431785583496094,122.53082109382872,211.26666259765625,51.635948915509005,121.15253650084358,206.85000610351562,50.57260566455151,122.2668967957017,209.26666259765625,50.57260566455151,67637100,54254700,28474200
2021-06-02,122.24735260009766,201.7066650390625,51.840110778808594,122.42330463275813,207.7866668701172,52.15486272832487,121.26007323809793,199.7133331298828,51.185090924365944,121.4848962778378,206.7100067138672,51.67848376734853,59278900,69908400,22978300
2021-06-03,120.76152801513672,190.94667053222656,52.044281005859375,122.04206311064841,201.51666259765625,52.23993580722677,120.36074552880676,190.4066619873047,51.33821941195099,121.87588828071905,200.60000610351562,51.50835500946465,76229200,90335700,20272800
2021-06-04,123.05867767333984,199.68333435058594,52.27396011352539,123.32260943039987,200.20333862304688,52.48662878506531,121.06455727986688,192.39999389648438,51.70400638636388,121.27961057589917,193.23666381835938,52.28246543255777,75169300,72110700,20427800
2021-06-07,123.0684585571289,201.7100067138672,51.93368911743164,123.47901079400312,203.3333282470703,52.51214816559031,122.02252359682196,194.2933349609375,51.90816991518142,123.33238286431767,197.27667236328125,52.171880237010534,71057600,67631100,15477900
2021-06-08,123.88955688476562,201.19667053222656,52.8524169921875,125.57088194290174,207.69667053222656,53.15015182210642,123.37147802234419,198.5,51.61042953507909,123.75270614592999,207.6699981689453,52.316491053267185,74403800,78160200,28953400
2021-06-09,124.27078247070312,199.5933380126953,53.29476547241211,124.8768410573178,203.92999267578125,53.949782064707286,123.67450106746446,199.2100067138672,52.903452686605334,124.34898502209968,200.72332763671875,53.311776108908575,56877900,49753800,29133000
2021-06-10,123.27373504638672,203.3733367919922,53.37983703613281,125.30695678436511,205.52999877929688,54.42616652010243,123.10756020588629,200.1666717529297,52.954499689231355,124.16326489562331,201.2933349609375,54.111417792013945,71186400,71758800,27488700
2021-06-11,124.48585510253906,203.29666137695312,52.886444091796875,124.57383485098319,204.18666076660156,53.7541326678289,123.26396801386512,200.5066680908203,52.860924889435076,123.68429747068124,203.41000366210938,53.601010963525226,53522400,48615900,17631700
2021-06-14,127.54544830322266,205.89666748046875,52.80137252807617,127.60409649266556,208.49667358398438,53.40535071944323,124.21214444863777,203.05999755859375,52.37603522513045,124.94527664789969,204.07666015625,52.99702729802327,96906500,61272000,16997200
2021-06-15,126.72433471679688,199.7866668701172,54.72390365600586,127.66275042731246,205.59666442871094,54.7834506239287,126.47995733459727,199.41000366210938,53.03956493597965,127.01759055855872,205.56333923339844,53.15015355286481,62746300,53292300,30717100
2021-06-16,127.2228775024414,201.6233367919922,54.52824401855469,127.94624002739722,202.8333282470703,55.123720170381596,125.57089869031938,197.8333282470703,54.06888217168565,127.43793082295223,199.17999267578125,54.71539348083935,91815000,66432300,24803200
2021-06-17,128.8259735107422,205.53334045410156,52.733314514160156,129.56889029442954,207.1566619873047,54.83447835563996,126.73410372753868,200.44667053222656,52.1208278260834,126.88073910539828,200.6300048828125,54.32407494561982,96721700,68104200,28491800
2021-06-18,127.52587890625,207.77000427246094,51.38074493408203,128.5522518117248,209.4499969482422,52.35901873507996,127.31082565171394,203.93333435058594,51.24463713372293,127.77025624862196,204.4566650390625,51.89114837416217,108953300,73682700,39590700
2021-06-21,129.3245086669922,206.94332885742188,53.24372863769531,129.43203530764706,210.4633331298828,53.33730337220979,126.304007918975,202.9600067138672,51.80608958897819,127.36948968462076,208.16000366210938,51.83160879109436,79663300,74438100,33145400
2021-06-22,130.96673583984375,207.90333557128906,54.26453399658203,131.06449276893142,209.52333068847656,54.4516834486716,128.65981252013916,205.1666717529297,52.937480440527615,129.15835197662773,206.0833282470703,53.46489778861102,74783600,57476700,25140400
2021-06-23,130.69305419921875,218.85667419433594,54.66435241699219,131.2991204035654,219.06666564941406,55.03864483320573,130.2336234107885,210.01333618164062,54.085893420881554,130.76148704310285,210.6666717529297,54.48571152718141,60214200,93297600,20701600
2021-06-24,130.40956115722656,226.60667419433594,54.88551712036133,131.6118938058328,232.5399932861328,54.9195448799434,129.9403458033597,222.5366668701172,54.281542235641304,131.42616459271213,224.99667358398438,54.57077170195736,68711000,137947200,19568400
2021-06-25,130.1162872314453,223.9566650390625,55.00463104248047,130.87874343114333,231.27000427246094,55.23431036344343,129.82303140488202,222.89999389648438,54.74942602795885,130.45842151503766,229.86000061035156,54.96209471001582,70783700,97490100,18438300
2021-06-28,131.7487335205078,229.57333374023438,53.60100555419922,132.20816419376467,231.56666564941406,54.91955054591198,130.3509020493391,223.44000244140625,53.37983158422911,130.40955023475712,223.8800048828125,54.91955054591198,62111300,64884600,20570000
2021-06-29,133.26388549804688,226.9199981689453,53.26924514770508,133.42029061372372,229.1699981689453,54.2475222835593,131.32842066728736,225.29666137695312,53.24372594687859,131.76829700396732,228.21665954589844,53.77114331604543,64556100,52143900,19579300
2021-06-30,133.87969970703125,226.56666564941406,53.66055679321289,134.31957597270352,230.93666076660156,53.788156039663,132.81420307964328,226.04666137695312,53.124630871937164,133.1074588952949,226.58999633789062,53.337299527753515,63261400,56774700,17875500
2021-07-01,134.18270874023438,225.97332763671875,53.81367111206055,134.2413569130277,229.3300018310547,54.80045346955276,132.70666011876276,224.26666259765625,53.39684239587118,133.5277792846948,227.97332763671875,54.723895874594874,52485800,55903500,22530300
2021-07-02,136.81222534179688,226.3000030517578,53.737117767333984,136.8513191558301,233.3333282470703,53.86472026686037,134.65192295511142,224.4199981689453,53.099111759834784,134.7985434022486,226.32666015625,53.60100994887014,78852600,81163500,14555300
2021-07-06,138.8258819580078,219.86000061035156,52.205902099609375,139.93045738005537,228.0,53.38833933795844,136.91974171007627,217.13333129882812,51.806087222763026,136.91974171007627,227.23666381835938,53.37983401933033,108181800,69853500,22110800
2021-07-07,141.31857299804688,214.88333129882812,51.389251708984375,141.6313683204944,221.89999389648438,52.580197429694145,139.45152604310684,212.77333068847656,50.71721800594006,140.3117243665474,221.42333984375,52.044271530868144,104911600,56376000,21671400
2021-07-08,140.0184783935547,217.60333251953125,51.15956497192383,140.82002849752848,218.14332580566406,51.644449187375876,137.50627159938102,206.82000732421875,50.45350680971316,138.39580890191343,209.4566650390625,50.57260072297286,105575500,68319900,18935900
2021-07-09,141.84642028808594,218.98333740234375,52.08680725097656,142.37426891530228,219.6366729736328,52.27395670816117,139.44174008149082,214.89666748046875,51.244641183778214,139.53949700886304,217.72666931152344,51.63595073510404,99890800,54421500,20086000
2021-07-12,141.25009155273438,228.56666564941406,52.03575897216797,143.0291656092918,229.0800018310547,52.31648312216236,140.76133691068338,220.72000122070312,51.17657913246221,142.92163899141624,220.73333740234375,51.397753080434285,76299700,77781000,21809400
2021-07-13,142.36448669433594,222.84666442871094,51.789066314697266,144.1435611902038,231.0933380126953,52.32498893235353,140.3996979177406,222.10000610351562,51.47431440203029,140.79069576168808,228.77333068847656,51.89114634971763,100827100,62898300,17147300
2021-07-14,145.7955780029297,217.7933349609375,50.640655517578125,146.20614523706598,226.20333862304688,52.51214019856172,144.35863743029935,217.6133270263672,50.49604240001205,144.76920466443565,223.5833282470703,52.03576127674552,127050800,64923600,21573600
2021-07-15,145.14060974121094,216.86666870117188,50.14726257324219,146.626428391954,222.04666137695312,50.78526845014078,143.7818721014033,212.6266632080078,49.99414090318127,145.88352652438826,219.4633331298828,50.33440875715443,106820300,60628800,15851100
2021-07-16,143.09762573242188,214.74000549316406,48.76066589355469,146.39182821899888,218.89999389648438,50.41097338438765,142.5991012200298,214.06666564941406,48.61605277487725,145.12107770714312,218.22666931152344,50.342921106500015,93251400,49113000,27049500
2021-07-19,139.24624633789062,215.4066619873047,47.08484649658203,140.82982210985173,215.73333740234375,47.80792198699,138.48379000590003,207.09666442871094,46.4468404289044,140.51701186307943,209.9633331298828,47.331542954900044,121434600,63891300,37969100
2021-07-20,142.86302185058594,220.1666717529297,47.603763580322266,143.79166790162552,220.79666137695312,48.14819496228825,139.74477876057173,213.5,46.8126357143195,140.23353355980825,217.3300018310547,47.212453930167584,96350000,46461300,26756100
2021-07-21,142.12989807128906,218.42999267578125,49.13496017456055,142.8434908596877,221.6199951171875,49.59432520658429,141.3772263751189,216.76333618164062,48.34383583505191,142.25697909961474,219.8699951171875,48.36935503292017,74993500,41859900,20908700
2021-07-22,143.49838256835938,216.4199981689453,48.58202362060547,144.86688975892292,220.72332763671875,49.117949490769675,142.53064289499747,214.86666870117188,48.199219427631036,142.65772388969611,218.81333923339844,49.10944092811143,77338200,45317100,13493800
2021-07-23,145.21881103515625,214.4600067138672,48.522483825683594,145.3752161371665,216.26666259765625,48.73515249261412,143.6156960285799,212.43333435058594,48.037599524687316,144.23153179548808,215.45333862304688,48.73515249261412,71447400,43814700,14088200
2021-07-26,145.63914489746094,219.2066650390625,49.7474479675293,146.46024929276885,222.73333740234375,49.892064330419785,144.37814929731337,215.70333862304688,48.48845000590665,144.93533686845095,216.99000549316406,48.62455780594515,72434100,76009800,18387600
2021-07-27,143.46908569335938,214.92666625976562,49.19450759887695,145.85421146271116,222.1666717529297,49.347626022502205,142.27652280868347,209.0800018310547,48.66708707557903,145.76622426436333,221.13333129882812,49.347626022502205,104818600,98439900,16861400
2021-07-28,141.71934509277344,215.66000366210938,49.526283264160156,143.66459466880622,218.32333374023438,49.875059769750024,139.33421915670488,213.13333129882812,49.01587648483849,141.5531702418983,215.6666717529297,49.33913378723556,118931200,48019800,16855300
2021-07-29,142.36448669433594,225.78334045410156,50.13026428222656,143.25402394226987,227.89666748046875,50.47053548707572,141.3283289838246,216.26666259765625,49.81551552703445,141.43585562825191,216.59666442871094,50.18981125631516,56699500,91183800,18607800
2021-07-30,142.5795440673828,229.06666564941406,48.97333908081055,143.03897475076792,232.50999450683594,50.0877240346162,140.86890234879084,223.0,48.76067041943997,141.13283410460213,223.9199981689453,50.0877240346162,70440600,88969200,28652800
2021-08-02,142.24720764160156,236.55667114257812,48.981849670410156,143.6450392737184,242.31333923339844,50.240847808388644,141.98327586121925,232.8000030517578,48.82872796828487,143.0683121632204,233.3333282470703,48.95632722334503,62880000,100847400,20873800
2021-08-03,144.0457763671875,236.5800018310547,49.50926208496094,144.7104755562565,240.88333129882812,49.68790297112015,141.91479825833053,233.6699981689453,48.4289049597514,142.53063391308058,239.6666717529297,48.97333618141723,64786600,64860900,18208200
2021-08-04,143.64501953125,236.97332763671875,48.35234451293945,144.46612394001684,241.63333129882812,49.23704687793516,142.99008994933277,236.30999755859375,48.32682531329772,143.95782973398676,237.0,48.65007932564662,56368300,51007800,20868300
2021-08-05,143.7525634765625,238.2100067138672,48.65859603881836,144.51501979299104,240.31666564941406,49.08393341110686,142.88258050445233,237.1366729736328,48.34384729194352,143.67436091646556,238.6666717529297,48.599049066303294,46397700,38758800,15180200
2021-08-06,143.0673065185547,233.03334045410156,49.220035552978516,144.01691280393376,238.77667236328125,49.39867644988144,142.5680349930517,232.5433349609375,48.93931136207428,143.27289769844572,237.3000030517578,49.04989997470924,54126800,46869000,14888500
2021-08-09,143.01832580566406,237.9199981689453,48.65859603881836,143.61550061721744,239.67666625976562,48.93081169747767,142.4603183242228,235.0433349609375,48.34384729194352,143.12601355653302,236.72332763671875,48.599049066303294,48908700,44145900,17828200
2021-08-10,142.53863525390625,236.663330078125,49.49225616455078,144.60427120704347,238.8633270263672,49.6453778759074,142.24494003565766,233.9600067138672,48.74366149181471,143.36096991463478,237.99667358398438,48.845741551030265,69023100,40296900,16340200
2021-08-11,142.79318237304688,235.94000244140625,49.636871337890625,143.63510081183063,238.39332580566406,49.764473850919664,142.4701190832618,234.73666381835938,49.10094857132874,142.97918986758629,237.57000732421875,49.50076350502411,48493500,29401800,18278600
2021-08-12,145.7594757080078,240.75,49.524600982666016,145.91611517335826,240.93333435058594,49.90456516613285,142.7736012533468,233.13333129882812,49.1100972959424,143.11624821655573,235.44667053222656,49.56778112655632,72282600,52377300,19225500
2021-08-13,145.96507263183594,239.05667114257812,49.023738861083984,146.29792030536527,243.3000030517578,49.282803228489136,145.1525221784822,238.1133270263672,48.61786926583388,145.83780119397264,241.23666381835938,49.24826043438654,59375000,50194500,20063000
2021-08-16,147.94259643554688,228.72332763671875,48.307003021240234,148.01113180908496,236.5,48.43653688505344,143.39037176189015,225.46665954589844,47.72842589635605,145.41684086363392,235.02333068847656,48.37608862705608,103296000,68032200,16959500
2021-08-17,147.03213500976562,221.90333557128906,47.97885513305664,148.49079698288415,224.86000061035156,48.61788050071326,145.95525743273268,216.27999877929688,47.49526578641637,147.07128740440294,224.22000122070312,47.92704092992925,92229700,71163900,16243700
2021-08-18,143.2826385498047,229.663330078125,46.96849822998047,147.55096588599457,231.92333984375,48.19474131517489,143.07704743235058,223.11666870117188,46.89941592198543,146.65031157772893,223.25,47.85795394583206,86326000,61048200,21890500
2021-08-19,143.61550903320312,224.49000549316406,45.535003662109375,144.888178453154,228.85000610351562,46.38128250019002,141.46176882757268,222.52999877929688,44.99096608970655,141.9806239472667,226.07000732421875,46.174032287777436,86960300,42940500,30923500
2021-08-20,145.07420349121094,226.75332641601562,45.543643951416016,145.37768313326703,230.7100067138672,45.88906209247906,143.69384614705683,224.56666564941406,44.999606343867605,144.33997276831565,227.61666870117188,45.137774259129415,60549600,44525700,16918300
2021-08-23,146.5622100830078,235.43333435058594,47.417545318603516,147.03211343952145,237.3766632080078,47.54707917711723,144.78047016020776,226.9166717529297,46.588537847827766,145.191637464402,228.47999572753906,46.588537847827766,60131800,60794700,21632600
2021-08-24,146.47409057617188,236.163330078125,47.8061408996582,147.68802375922274,238.4066619873047,48.22927866442762,146.0139715839325,234.2133331298828,47.50389634492594,146.3076667825046,236.89332580566406,47.74569264754828,48606400,39249300,17915600
2021-08-25,145.2406463623047,237.06666564941406,47.892494201660156,147.15944280895732,238.99000549316406,48.16019595459804,144.692423074108,234.6666717529297,47.38299944231557,146.66015629166344,235.67666625976562,47.702515394133165,58991300,37936800,13270300
2021-08-26,144.43780517578125,233.72000122070312,47.24482727050781,145.98458575756337,238.46665954589844,47.96157546642422,144.40843715330078,232.5399932861328,47.17574497242636,145.23078659662303,236.10333251953125,47.66796828766775,48597200,39642900,11842600
2021-08-27,145.47557067871094,237.30667114257812,48.16019058227539,145.62241083209685,238.3333282470703,48.54015144912696,143.7427821789538,234.03334045410156,47.840677960282434,144.37910942757367,235.0,47.840677960282434,55802400,41501400,15822500
2021-08-30,149.90045166015625,243.6366729736328,47.6334228515625,150.26268209541314,243.6666717529297,48.65241222170203,145.48528554783937,237.57666015625,47.598880057345056,145.8670847022264,238.24000549316406,48.56605853034058,90956700,55812600,14086100
2021-08-31,148.63763427734375,245.24000549316406,47.08075714111328,149.5872403166816,246.79666137695312,47.76296258742493,148.1089799162903,242.14666748046875,47.028942943381644,149.45018454491938,244.3333282470703,47.43481259015637,86453100,62566200,27104100
2021-09-01,149.3033447265625,244.69667053222656,46.4330940246582,151.72141211238971,247.3300018310547,47.288006866415195,149.1369209108447,243.7566680908203,46.286288779658165,149.61662363000326,244.69332885742188,47.05485121443241,80313700,39612900,21644100
2021-09-02,150.4193878173828,244.1300048828125,47.56434631347656,151.46689743705474,246.99000549316406,48.04793231431502,149.19567000260434,243.51333618164062,46.864869469743354,150.63476334782075,244.8333282470703,46.88214086894224,71115500,38331900,23293300
2021-09-03,151.05572509765625,244.52333068847656,47.38299560546875,151.3787883827347,244.6666717529297,47.77159383014317,149.87115971903515,241.39999389648438,47.149836670664094,150.5270706537238,244.0833282470703,47.59888314204538,57808700,45738300,13840000
2021-09-07,153.3954620361328,250.97332763671875,47.106666564941406,153.9534695341939,253.39999389648438,47.72842381341759,151.14381850232894,246.4199981689453,47.03758425632341,151.71162530218976,246.6666717529297,47.21029167495982,82278300,60119400,14354400
2021-09-08,151.8486785888672,251.2899932861328,46.674888610839844,153.73809149809526,254.81666564941406,47.65070127927453,150.7424330368148,246.92333984375,46.64034581152579,153.67935544010308,253.86000061035156,47.31391722141917,74420200,56379000,18756700
2021-09-09,150.83058166503906,251.6199951171875,46.70943069458008,152.82768271854061,254.03334045410156,47.495261248931456,150.71309458803586,250.5433349609375,46.02722524240069,152.22072341621455,251.1366729736328,46.303561044314414,57305700,42233100,19110800
2021-09-10,145.83779907226562,245.42333984375,46.61444091796875,152.21091623055125,254.20333862304688,47.69387870310377,145.5734718351498,244.83999633789062,46.58853546526397,151.74101276076019,253.1999969482422,47.6593359033756,140893200,45552600,15123700
2021-09-13,146.40557861328125,247.6666717529297,47.81477355957031,148.2362553872636,248.25999450683594,48.29836285654498,145.6223963511956,236.28334045410156,47.16711091081727,147.462872426403,246.73666381835938,47.19301965681155,102404300,68857500,22052300
2021-09-14,145.0056610107422,248.163330078125,47.132568359375,147.8936469962392,251.49000549316406,48.16019184305563,143.8211105344737,245.46665954589844,46.98576312217356,147.18878434178126,247.52333068847656,48.09110625044733,109296300,55574700,19940300
2021-09-15,145.89649963378906,251.94332885742188,48.721500396728516,146.29788257432963,252.2866668701172,48.816491445201,143.2924251085685,246.1199951171875,47.76296244786333,145.4363806410637,248.3333282470703,47.814773351261,83281300,46073100,23240900
2021-09-16,145.6615447998047,252.3300018310547,48.20337677001953,145.837767899535,252.97000122070312,48.75604842678177,144.12456328294863,249.20333862304688,47.92704094163841,145.31891283926268,250.94332885742188,48.75604842678177,68034100,41770200,17907200
2021-09-17,142.98898315429688,253.163330078125,47.6334228515625,145.69096176910773,253.67999267578125,49.00646762697544,142.69528787817018,250.0,47.581608660236334,145.69096176910773,252.38333129882812,47.78886213135885,129868800,84612600,30000400
2021-09-20,139.9345703125,243.38999938964844,46.36400604248047,141.7946152611483,247.3333282470703,46.778509716272,138.29968524042357,239.5399932861328,45.73361483270279,140.7764886965952,244.85333251953125,46.44172568720278,123478900,74273100,27555100
2021-09-21,140.4142608642578,246.4600067138672,46.32082748413086,141.55967381165956,248.24667358398438,47.072115159256924,139.77793361611074,243.47999572753906,45.98404346749443,140.90374795912805,244.92999267578125,46.9512186706369,75834000,48992100,19696800
2021-09-22,142.7834014892578,250.64666748046875,47.676605224609375,143.35119341343096,251.22332763671875,48.28109101676682,140.67859787200524,246.3733367919922,46.95122293285694,141.41282856542696,247.8433380126953,47.003037130190165,76404300,45378900,25690600
2021-09-23,143.7427978515625,251.2133331298828,49.29145050048828,143.9875414258644,252.73333740234375,49.429618410540954,142.57781604781135,249.30667114257812,47.73705739466717,143.56657471032472,251.6666717529297,47.8579539041904,64838200,35842500,23069400
2021-09-24,143.83087158203125,258.1300048828125,49.73185729980469,144.36931031939181,258.26666259765625,49.93047345509573,142.4994662214484,248.18666076660156,48.94602673139985,142.59736960568088,248.6300048828125,48.963298131101155,53477900,64119000,22328600
2021-09-27,142.3134765625,263.78668212890625,51.208526611328125,142.89108270101565,266.3333435058594,51.64030171478652,140.79607848273122,256.4366760253906,50.79402290730999,142.41137995898362,257.7066650390625,50.819928359379055,74150700,84212100,32972200
2021-09-28,138.9261932373047,259.1866760253906,51.743934631347656,141.70647559830343,265.21331787109375,52.22752400615597,138.71081777883722,255.39332580566406,51.38987912481144,140.2380147112744,262.3999938964844,51.72666652348228,108972300,76144200,37619300
2021-09-29,139.82687377929688,260.4366760253906,51.709388732910156,141.41280705571026,264.5,51.97708719613067,139.04369150451467,256.8933410644531,50.99264046027381,139.47444250254287,259.9333190917969,51.67484593308083,74602000,62828700,23422800
2021-09-30,138.5248260498047,258.49334716796875,50.79402160644531,141.34427605273183,263.0433349609375,51.95981303825331,138.30945056691672,258.3333435058594,50.78538755403762,140.63941355200004,260.3333435058594,51.91663618784978,89056700,53868000,31289600
2021-10-01,139.65066528320312,258.40667724609375,52.61611557006836,139.91499250291432,260.260009765625,52.66792976956992,136.1851031474959,254.52999877929688,51.303518830339534,138.91643462464168,259.4666748046875,51.303518830339534,94639600,51094200,24407300
2021-10-04,136.21444702148438,260.510009765625,53.29832077026367,139.2199044877396,268.989990234375,53.600562030371606,135.3627443887481,258.7066650390625,52.63338670384353,138.7793542203645,265.5,52.95289936369802,98322000,91449900,33946700
2021-10-05,138.14305114746094,260.1966552734375,53.21195983886719,139.2492967831214,265.7699890136719,54.1445955911578,136.42984628272845,258.0666809082031,52.69383106149402,136.55711770997038,261.6000061035156,53.98915629910937,80861100,55297800,29641600
2021-10-06,139.01431274414062,260.9166564941406,52.23616027832031,139.16115287396872,262.2200012207031,52.780194607817734,135.4606322227177,257.739990234375,51.59713159242133,136.5375096346514,258.73333740234375,52.218888876627574,83221100,43898400,25284900
2021-10-07,140.2772216796875,264.53668212890625,52.38294982910156,141.18767555165522,268.3333435058594,52.74564259027226,139.71921409322417,261.1266784667969,51.93390337412854,140.05206177202422,261.82000732421875,52.3397729822004,61732700,57587400,19513600
2021-10-08,139.8954315185547,261.8299865722656,53.695552825927734,141.1485175173034,265.4599914550781,53.902803033533054,139.56258381781655,260.3033447265625,52.89245085954614,141.00167733696696,265.4033203125,52.89245085954614,58773200,50215800,22186900
2021-10-11,139.8072967529297,263.9800109863281,53.160152435302734,141.76524506387435,267.0799865722656,54.45547775814379,138.82832259745734,261.8333435058594,53.10833823648334,139.27865728167708,262.54998779296875,54.429569011642776,64452200,42600900,22121500
2021-10-12,138.53460693359375,268.5733337402344,52.883811950683594,140.23802709057873,270.7733459472656,53.52283720866715,138.07448795333846,265.5233459472656,52.54702462943121,140.21844342772843,266.9766540527344,53.16878178351887,73035900,66060000,20198600
2021-10-13,137.9472198486328,270.3599853515625,52.73701095581055,138.42690751330062,271.8033447265625,53.01334675892389,136.273167858214,268.59332275390625,51.994357249624954,138.2702830375893,270.15667724609375,52.48658060480701,78762700,42360300,14991700
2021-10-14,140.73733520507812,272.7733459472656,53.54011154174805,140.8548222748978,273.4166564941406,53.73009363684105,138.53464310497256,271.1166687011719,52.82336330602993,139.12203364018546,271.8299865722656,53.28968119715864,69907100,36741600,18594500
2021-10-15,141.79458618164062,281.010009765625,54.04961013793945,141.85332222974756,281.07000732421875,54.464113861553685,140.49254900942697,274.1166687011719,53.92007628310505,140.7470918018334,274.5799865722656,54.17050664555409,67940300,56773800,16092600
2021-10-18,143.46865844726562,290.03668212890625,54.02370071411133,143.75255436574946,291.7533264160156,54.524558108015555,140.14993682023066,283.8233337402344,53.77327037006795,140.4338327387145,283.92999267578125,54.48138125763834,85589200,72621600,18282800
2021-10-19,145.63218688964844,288.0899963378906,54.8354377746582,146.03356986995644,292.6499938964844,54.93042882385675,143.4686624173773,287.5033264160156,54.11868952647472,143.91898215404882,292.510009765625,54.291400225546376,76378900,52143300,18933200
2021-10-20,146.12164306640625,288.6000061035156,55.13768005371094,146.6013456686291,289.8299865722656,55.154951453357846,145.00561338638036,285.7933349609375,54.161870680030454,145.57342005698393,288.45001220703125,54.3086726357552,58418800,42096300,14305200
2021-10-21,146.3370361328125,298.0,54.13595962524414,146.4936755651962,300.0,54.95633295548904,144.76088732210272,285.1666564941406,53.842352432130674,145.68112531490897,285.3333435058594,54.80953100602356,61421000,94444500,16564600
2021-10-22,145.56365966796875,303.2266540527344,54.50728988647461,147.02232150012944,303.3333435058594,54.59364688644566,145.51470797593214,296.9866638183594,53.842355810519784,146.5426337568644,298.5,54.20504862203274,58883400,68642400,14266800
2021-10-25,145.51473999023438,341.6199951171875,55.56945037841797,146.22938704972722,348.3399963378906,55.6298986248869,144.51618201724224,314.73333740234375,54.904519667259756,145.553892389702,316.84332275390625,55.025416160197615,50720600,188556300,17939800
2021-10-26,146.18040466308594,339.4766540527344,56.856143951416016,147.66843438585144,364.9800109863281,56.94250424506373,145.87691017558996,333.8133239746094,55.57809330116081,146.1901890254086,341.5633239746094,55.69035245919128,60893400,187245000,25585100
2021-10-27,145.72032165527344,345.9533386230469,55.37947463989258,146.58180882899126,356.9599914550781,56.346653282608706,145.36789033121931,343.59332275390625,55.249944080120365,146.2195931401995,346.5533447265625,56.268936923255026,56094900,115579500,21764500
2021-10-28,149.36207580566406,359.0133361816406,55.534908294677734,149.94945126434328,360.3333435058594,55.673079481730895,146.5719938285733,351.3999938964844,54.947697220613854,146.66989720733233,356.10333251953125,55.11177056396587,100077900,81639600,16626400
2021-10-29,146.6503448486328,371.3333435058594,55.67307662963867,146.787400645377,371.7366638183594,56.441635700245875,143.33162275650557,357.7366638183594,55.55218014134301,144.12458950466566,360.6199951171875,56.17393727450041,124953200,89755200,23966300
2021-11-01,145.82798767089844,402.86334228515625,56.6748046875,146.55241894044252,403.25,57.063406281487026,144.69237413631248,372.88665771484375,56.14803846934158,145.85735569869297,381.6666564941406,56.19121862035104,74588300,168146100,19656400
2021-11-02,146.86570739746094,390.6666564941406,55.9753303527832,148.3831203302802,402.86334228515625,56.51936467162681,145.5245026428988,382.0,55.83716573031309,145.53430194477542,386.4533386230469,56.15667512573107,69122000,128213400,16300000
2021-11-03,148.3048095703125,404.6199951171875,55.20676803588867,148.77471301203136,405.1300048828125,55.65581126936546,146.66992441982393,384.2066650390625,54.973609071862576,147.22793195599735,392.4433288574219,55.30175909095665,54511500,103885500,17372800
2021-11-04,147.78594970703125,409.9700012207031,55.62127685546875,149.22502801768104,414.4966735839844,56.03577730156324,147.47267079725674,405.6666564941406,55.12041611043592,148.39290892226862,411.4700012207031,55.85443253285118,60394600,76192200,17720100
2021-11-05,148.31533813476562,407.36334228515625,56.14802932739258,149.21730693838492,413.2900085449219,56.41573436100497,147.11924549176268,402.6666564941406,55.75079703857334,148.9133844562671,409.3333435058594,56.17394136679891,65463900,64886400,18565100
2021-11-08,147.4918212890625,387.64666748046875,56.75252151489258,148.5996814029073,399.0,57.32246123416625,147.2173096615232,377.6666564941406,56.45891101413043,148.44281334152436,383.2633361816406,56.60571955869416,55020900,100337100,17696000
2021-11-09,147.85455322265625,341.1666564941406,57.305198669433594,148.46239820996468,391.5,57.31383601721138,147.11925107616622,337.17333984375,56.39846821537891,147.25650687845393,391.20001220703125,56.79570056439958,56787900,177317400,18781300
2021-11-10,145.02120971679688,355.98333740234375,56.17624282836914,147.18790692538667,359.3666687011719,57.45396926518302,144.95258928599077,329.10333251953125,55.80867572252521,147.08006199718062,336.8033447265625,57.165166300701806,65187100,128408100,20177200
2021-11-11,144.97219848632812,354.5033264160156,56.28125762939453,146.50162489581308,368.3233337402344,56.73634230577156,144.7859195077794,351.55999755859375,56.02746169005114,146.04084921172387,367.5899963378906,56.176243224775,41000000,67189800,13319300
2021-11-12,147.05067443847656,344.47332763671875,55.85243225097656,147.45262836215286,351.5,56.333770520061904,144.58985294794638,339.73333740234375,55.64239676851551,145.52123295219525,349.1666564941406,55.97495350548781,63804000,76719300,18158900
2021-11-15,147.06044006347656,337.7966613769531,56.333778381347656,148.9036023660625,343.99334716796875,56.68383534199675,146.5016032105498,326.20001220703125,55.32734792721016,147.42318436184277,339.2099914550781,55.79992949792242,59222800,104326800,18849200
2021-11-16,148.0408477783203,351.57666015625,56.902610778808594,148.52125061689011,352.3999938964844,57.208920562057116,146.41337526538132,334.05999755859375,56.307504739242,147.00162302853775,334.4366760253906,56.307504739242,59256200,79627200,17028700
2021-11-17,150.48207092285156,363.0033264160156,56.28125762939453,151.96247415653912,373.21331787109375,57.09515264973448,148.03106327516545,351.8333435058594,56.16748979875413,148.04086192024133,354.5033264160156,56.34251825772517,88807000,94336200,15497000
2021-11-18,154.7761993408203,365.4599914550781,55.66865158081055,155.56052464418286,370.6666564941406,56.473793178524446,150.0506651936485,358.3399963378906,55.231073754630245,150.69773469090467,368.8500061035156,56.14998986037198,137827700,62696700,16948200
2021-11-19,157.40367126464844,379.0199890136719,53.09568786621094,157.86446177371923,379.5733337402344,54.285899998804084,153.4624478516477,364.23333740234375,52.86814888248748,154.56049419168397,366.2900085449219,54.16337875076425,117305600,64926900,32035500
2021-11-22,157.86448669433594,385.6233215332031,53.83081817626953,162.4527653050192,400.6499938964844,54.73223069246812,157.84487444666516,377.4766540527344,52.789384239472355,158.51154126985364,387.4433288574219,52.789384239472355,117467900,99217500,21994400
2021-11-23,158.24681091308594,369.6766662597656,55.24858093261719,158.62916738585517,393.5,55.46736986021837,155.94285847475925,354.23333740234375,54.189639985802366,157.96248573911777,389.1700134277344,54.425932428226126,96041900,108515100,21185900
2021-11-24,158.7664337158203,372.0,55.55487823486328,158.9625112862029,377.5899963378906,55.87868487878443,156.51150425702141,354.0,54.76724018166694,157.5997519763684,360.1300048828125,54.76724018166694,69463600,67680600,15869700
2021-11-26,153.7369842529297,360.6400146484375,53.60328674316406,157.30565039386215,369.59332275390625,53.75206161003408,153.2958059172185,360.3333435058594,52.106771294094095,156.44290597018036,366.489990234375,52.96442348137023,76959800,35042700,24979600
2021-11-29,157.0997772216797,378.9966735839844,53.90083312988281,158.03115705077292,380.8900146484375,55.257323631932856,155.67818094806347,366.7300109863281,53.6382871195592,156.24681646555752,366.9966735839844,54.7584852107819,88748200,58393500,18946400
2021-11-30,162.0606231689453,381.586669921875,52.36931610107422,162.27631303141865,389.3333435058594,53.55077493541478,156.78605010261836,372.6666564941406,52.21178781136828,156.85468549511577,381.4566650390625,52.91191168869802,174048100,81276000,34979800
2021-12-01,161.54100036621094,365.0,52.32555389404297,166.96262755361067,390.9466552734375,54.28590055984767,161.30569826962912,363.586669921875,52.29054686896876,164.1978840178816,386.8999938964844,53.296977139903596,152052500,68450400,30630600
2021-12-02,160.55078125,361.5333251953125,53.629539489746094,160.98216094033538,371.0,53.89208886689663,154.70758806208025,352.2166748046875,51.756706851669136,155.62916922602187,366.35333251953125,52.28180226751619,136739200,73114800,29216000
2021-12-03,158.6683807373047,338.3233337402344,53.288230895996094,161.72724755293552,363.52667236328125,54.460939686397445,156.58993165162352,333.4033203125,52.815646009165526,160.8056665553949,361.5966796875,54.189640213190096,118023100,92322000,22014700
2021-12-06,162.08023071289062,336.336669921875,53.89208984375,164.59005999270414,340.5466613769531,54.399678415970016,161.06060321811478,316.8333435058594,53.75206172622275,161.0704018625744,333.836669921875,54.01461110813228,107497000,81663000,19210500
2021-12-07,167.82534790039062,350.5833435058594,54.495941162109375,168.21751800507252,352.5566711425781,55.16105796810117,165.0410074760686,342.2699890136719,54.34716296988322,165.76651094991018,348.0666809082031,54.55720178877492,120405400,56084700,19800400
2021-12-08,171.64894104003906,356.32000732421875,54.65346908569336,172.51170037671412,357.4599914550781,55.30108237435497,167.3547715631022,344.3333435058594,54.557201433430585,168.75675548519916,350.9033203125,54.793493851224554,116998900,41906400,18214400
2021-12-09,171.13912963867188,334.6000061035156,54.793495178222656,173.28621440591945,354.163330078125,54.933519947144994,170.5116723744327,334.1199951171875,54.09337133361098,171.48227664120193,353.5466613769531,54.30340681776757,108923700,59438400,16910300
2021-12-10,175.93328857421875,339.010009765625,55.143550872802734,176.10976886642817,340.32666015625,55.44110389947189,171.26657639018677,327.510009765625,54.46093059804259,171.77639006130698,336.25,55.37109319002515,115402700,59664300,17942400
2021-12-13,172.2960205078125,322.13665771484375,53.93585205078125,178.56079478498526,335.0,54.88977199149864,172.09012930519359,317.1400146484375,53.690806160439436,177.57057822727617,333.6966552734375,54.6709830448979,153237000,78595500,17793700
2021-12-14,170.9136199951172,319.5033264160156,53.85708236694336,174.25679709582377,322.13665771484375,54.6709774318116,168.8351708696383,310.0,53.577032811123544,171.81558876579217,315.0,53.61203650176049,139380400,70806300,22551100
2021-12-15,175.78622436523438,325.3299865722656,53.62078857421875,175.98230193253877,326.25,53.82207397872798,168.93320343371292,309.4166564941406,52.51809055487645,171.67833425525316,317.7366638183594,53.55077451780478,131063300,75169200,19961900
2021-12-16,168.88418579101562,308.97332763671875,53.70830535888672,177.59016769208043,331.6600036621094,54.6534751346728,167.40378290602789,307.2833251953125,53.647044725839926,175.7666178333374,331.5,53.769565991933504,150185800,82771500,21187800
2021-12-17,167.78614807128906,310.8566589355469,52.53559494018555,170.07048857395336,320.2200012207031,53.62953955139017,166.36456688905028,303.0133361816406,52.23804187239973,166.59985400570397,304.92333984375,53.34073991002823,195432700,100437300,44338100
2021-12-20,166.4233856201172,299.9800109863281,51.77421188354492,167.2371217897491,307.2300109863281,51.85297603130786,164.178269651189,297.7966613769531,50.72402435952382,164.98219221796626,303.5666809082031,51.450405204276905,107499100,56480100,21819300
2021-12-21,169.5998992919922,312.84332275390625,52.9469108581543,169.80577551895627,313.1666564941406,53.10443912447798,165.8057299805719,295.3733215332031,52.26429059638734,168.19791539703556,305.6233215332031,52.29054419462346,91185900,71517900,19798900
2021-12-22,172.19796752929688,336.2900085449219,53.37574768066406,172.4136573675495,338.5533447265625,53.70830444340545,168.77635596770887,319.01666259765625,52.48308846489989,169.64891396436306,321.88665771484375,52.8068951395498,92135300,93634200,14058300
2021-12-23,172.82540893554688,355.6666564941406,53.402000427246094,173.38424572693862,357.6600036621094,54.11962782358894,171.8352074670007,332.5199890136719,53.38449691288968,172.4038429011369,335.6000061035156,53.53327177723817,68356600,92713200,13543300
2021-12-27,176.7960662841797,364.64666748046875,54.16337966918945,176.8842989595941,372.3333435058594,54.215890207148476,173.5999580433746,356.90667724609375,52.87689986604968,173.61955533140323,357.8900146484375,53.32323109256718,74919600,71145900,12593700
2021-12-28,175.7764434814453,362.8233337402344,53.98834991455078,177.77647393560375,373.0,54.53094881186963,175.03134260309423,359.47332763671875,53.73455731765744,176.62940424561387,369.8299865722656,54.18088522253191,79144300,60324000,12781000
2021-12-29,175.8646697998047,362.0633239746094,53.51576232910156,177.0901733747063,368.0,53.90957964929833,174.64896486798852,354.71331787109375,53.31447361810546,175.81564666485653,366.21331787109375,53.80456191980942,62348900,56154000,12733600
2021-12-30,174.70777893066406,356.7799987792969,53.20071029663086,177.0313437787025,365.1833190917969,53.90958420363417,174.5999340224449,351.04998779296875,53.183206783828425,175.95289469651084,353.77667236328125,53.577027475748984,59773000,47040900,11940300
2021-12-31,174.09014892578125,352.260009765625,53.55077362060547,175.71760635907094,360.6666564941406,53.79581947549486,173.7862114626908,351.5299987792969,53.12194921684337,174.59994765921613,357.8133239746094,53.156956244463835,64062300,40733700,14072000
2022-01-03,178.44313049316406,399.9266662597656,55.607383728027344,179.2960912081591,400.3566589355469,55.659890923737066,174.22740989529922,378.67999267578125,53.56826972047935,174.34505345884557,382.5833435058594,53.59452665678765,104487900,103931400,24282400
2022-01-04,176.1784210205078,383.1966552734375,57.69902420043945,179.3549322145944,402.6666564941406,57.92656658601639,175.6097854694808,374.3500061035156,56.097487427375256,179.051009669682,396.51666259765625,56.12374103399777,99310400,100248300,38584000
2022-01-05,171.4921112060547,362.7066650390625,58.41664123535156,176.6392275635692,390.11334228515625,59.16927564909074,171.21759953043505,360.336669921875,58.18035214122782,176.09020421232995,382.2166748046875,58.1978523168671,94537600,80119800,34033300
2022-01-06,168.62928771972656,354.8999938964844,59.79063415527344,171.86462006909193,362.6666564941406,59.93066226515955,168.27634210052742,340.1666564941406,58.69668958519239,169.3155667126804,359.0,59.510584612409,96904000,90336600,30668500
2022-01-07,168.7959747314453,342.32000732421875,60.28071975708008,170.72736974687896,360.30999755859375,60.54326912714969,167.67831596269667,336.6666564941406,59.493085000686925,169.50186605484046,360.1233215332031,59.96566318375968,86709100,84164700,23985400
2022-01-10,168.8155975341797,352.7066650390625,59.92190933227539,169.11952007524562,353.0333251953125,60.53451562579996,164.8743732254317,326.6666564941406,59.466824648307565,165.76654355936012,333.3333435058594,60.35948716390946,106765600,91815000,22760300
2022-01-11,171.64894104003906,354.79998779296875,62.442352294921875,171.74697235390423,358.6166687011719,62.48611274678531,167.4724300834058,346.2733459472656,60.01817415979776,168.94303442923228,351.22332763671875,60.28947026600998,76138300,66063300,32936100
2022-01-12,172.090087890625,368.739990234375,62.258583068847656,173.70774639139225,371.61334228515625,62.844935852304765,171.39401033832232,357.5299987792969,61.82100516891091,172.6685219038925,359.6166687011719,62.258583068847656,74805200,83739000,23045100
2022-01-13,168.8155975341797,343.85333251953125,61.812252044677734,173.15877570962883,371.8666687011719,62.643654064782396,168.42342735235042,342.17999267578125,61.53220245442043,172.33524076743157,369.69000244140625,62.24108319609432,84505800,97209900,21043200
2022-01-14,169.67832946777344,349.8699951171875,62.897438049316406,170.37440711806423,350.6666564941406,63.14248055942744,167.7371210418755,337.7933349609375,61.78598665100297,167.9822217558743,339.9599914550781,61.829747103626076,80440800,72924300,23012900
2022-01-18,166.472412109375,343.5033264160156,63.95636749267578,169.15870642783565,356.92999267578125,64.65648790788056,166.09005558435084,338.6866760253906,63.019951346197956,168.1488926576498,342.2033386230469,63.7288251862035,90956700,66743400,32841200
2022-01-19,162.97235107421875,331.8833312988281,63.98263168334961,167.72731057448723,351.5566711425781,64.63899843703445,162.68804084831785,331.6666564941406,63.492546643875464,166.66847376948644,347.2366638183594,64.54273077900802,94815000,75442500,26431600
2022-01-20,161.2860565185547,332.0899963378906,64.12266540527344,166.3547371137795,347.2200012207031,65.08534216999479,160.96252180484768,331.3333435058594,63.23876281498809,163.70765259043753,336.57666015625,63.44879834687767,91420500,70488600,26774600
2022-01-21,159.22726440429688,314.6333312988281,63.15998077392578,163.07044260044782,334.8500061035156,64.04388983758695,159.11941946941513,313.5,62.17105730695556,161.19786916739386,332.11334228515625,64.04388983758695,122848900,103416000,35995200
2022-01-24,158.4527130126953,310.0,63.70258712768555,159.11939476840692,311.1700134277344,63.9563830935618,151.66832669269064,283.8233337402344,61.09462008416044,156.88407733764427,301.586669921875,62.03103645905839,162294600,151565700,41507000
2022-01-25,156.64877319335938,306.1333312988281,65.57540893554688,159.5703696285005,317.086669921875,65.84670503311811,153.942866591661,301.07000732421875,62.47735733108316,155.86444788627315,304.73333740234375,63.5275413732812,115798400,86595900,39278400
2022-01-26,156.560546875,312.4700012207031,64.91029357910156,161.1684376714049,329.2300109863281,66.51183003638286,154.72719817611775,302.0,64.3151874643313,160.29587965880856,317.4766540527344,66.0129915781863,108275300,104867400,35252400
2022-01-27,156.0997314453125,276.3666687011719,65.74168395996094,160.6291874906743,311.7966613769531,66.52057182550335,155.17815044081257,276.3333435058594,64.7527539657797,159.26642822820887,311.1199951171875,66.03923362683933,121954600,147109500,29174700
2022-01-28,166.9920196533203,282.1166687011719,65.88172912597656,167.01163189910224,285.8333435058594,66.17928557706139,159.6095873711376,264.0033264160156,64.71777028177564,162.4625632621154,277.1866760253906,65.6104329581211,179935700,134789100,30595700
2022-01-31,171.35482788085938,312.239990234375,66.47682189941406,171.57051772849903,312.663330078125,66.87939269431858,166.1881001011021,287.3500061035156,64.99780672483512,166.82537099995082,290.9033203125,65.61041968161756,115541600,104436000,36085500
2022-02-01,171.1881561279297,310.4166564941406,70.73882293701172,171.41364461299403,314.5666809082031,71.33392896318111,168.93322639800166,301.6666564941406,66.74810918867888,170.5999083862923,311.7366638183594,66.90563745080922,86213900,73138200,61033100
2022-02-02,172.39402770996094,301.88665771484375,70.5550537109375,172.4332522000971,310.5,70.72132875074894,169.93322202538937,296.4700012207031,69.26857378600039,171.3253922300273,309.3933410644531,70.06496198716127,84914300,66792900,30299300
2022-02-03,169.5116729736328,297.0466613769531,69.7323989868164,172.7862303680274,312.3333435058594,70.28374461517588,168.746959829252,293.50665283203125,69.15479308166205,171.06071151115776,294.0,70.09120931345777,89418100,78855600,28529400
2022-02-04,169.2270050048828,307.7733459472656,71.24641418457031,170.90563668740813,312.1666564941406,72.22658409507697,167.54837332235746,293.72332763671875,70.77382940190171,168.53002542285074,299.0733337402344,70.77382940190171,82465400,73625400,32197500
2022-02-07,168.51040649414062,302.4466552734375,72.10408020019531,170.75838325799216,315.92333984375,72.70793979167551,167.8134268983413,300.9033203125,70.57255766972912,169.68838604223646,307.92999267578125,71.01013553557661,77251200,60994500,34949200
2022-02-08,171.62220764160156,307.3333435058594,70.23997497558594,172.13267083606547,308.7633361816406,72.20032122164606,168.2845821132694,298.26666259765625,69.94241866462082,168.57908068618394,301.84332275390625,71.99903253979562,74829200,50729100,34356300
2022-02-09,173.0456085205078,310.6666564941406,69.90376281738281,173.40881495712398,315.42333984375,70.81516522713171,171.6909240051843,306.6666564941406,69.64715325768854,172.81983276089403,311.6666564941406,70.41698193677135,71285000,52259400,40106100
2022-02-10,168.96192932128906,301.51666259765625,69.23125457763672,172.26028048182204,314.60333251953125,70.50545164225065,168.40239549718422,298.8999938964844,68.83307137040863,170.94487045999796,302.7900085449219,69.65598918281721,90865900,66126900,28527700
2022-02-11,165.54579162597656,286.6666564941406,70.97444152832031,169.90432887481495,305.32000732421875,71.0717764239267,164.95679443820137,283.5666809082031,69.2224269092633,169.16808987950634,303.2099914550781,69.56752090243906,98670700,79645800,42002100
2022-02-14,165.7814178466797,291.9200134277344,69.88606262207031,166.46857134746543,299.6266784667969,70.64703401694463,163.50397769684932,284.3833312988281,68.17828702754967,164.2991135319602,287.19000244140625,70.41697588053236,86185500,67756500,34652800
2022-02-15,169.61961364746094,307.4766540527344,69.01004028320312,169.77668153567035,307.6666564941406,69.18701584850118,167.12622458211413,297.7933349609375,67.62081416251915,167.8330151002382,300.0,68.04554876830696,62527400,57286200,25075100
2022-02-16,169.38406372070312,307.7966613769531,69.32860565185547,170.15956224722075,308.80999755859375,70.5497137077764,166.9299336029845,300.4033203125,69.05430190059397,168.6969102835062,304.6833190917969,69.71794523501045,61177400,51294300,21733800
2022-02-17,165.7814178466797,292.1166687011719,69.22241973876953,168.75582262629885,306.1666564941406,70.00994253915086,165.37893687521128,291.3666687011719,68.97465391593624,167.89196395169796,304.4200134277344,69.44363416024582,69589300,55178400,23738800
2022-02-18,164.2303924560547,285.6600036621094,68.45259857177734,167.4109355405672,295.6233215332031,69.16933121506946,163.1407580714809,279.2033386230469,68.03671433399036,166.70415983864797,295.3333435058594,68.27562971570715,82772700,68501700,23394800
2022-02-22,161.30503845214844,273.84332275390625,67.65619659423828,163.63154853290226,285.57666015625,70.60277338260711,159.1748407659244,267.0333251953125,66.63860922502344,161.9529172863156,278.0433349609375,70.49658806333144,91162800,83288100,35947800
2022-02-23,157.133056640625,254.67999267578125,67.9305191040039,163.10148814384206,278.4333190917969,68.54992351214955,156.8189207831809,253.52000427246094,67.3642107457113,162.50267977205857,276.80999755859375,67.65621539165447,90009200,95256900,25385000
2022-02-24,159.75404357910156,266.92333984375,67.07220458984375,159.86202589264875,267.49334716796875,69.93029067875713,149.2110962540396,233.3333282470703,65.50600295517714,149.78045618194105,233.4633331298828,69.90374603256403,141147500,135322200,46199900
2022-02-25,161.8253173828125,269.9566650390625,68.87730407714844,162.0903526039813,273.1666564941406,69.0100340514042,157.91833214045107,260.79998779296875,67.4792343676448,160.8338394038589,269.74334716796875,67.859723360017,91974200,76067700,28310300
2022-02-28,162.09036254882812,290.1433410644531,69.39051818847656,162.38486112479202,292.28668212890625,69.84179736899912,159.44971644975743,271.57000732421875,67.42613360953578,160.06816196139965,271.6700134277344,67.70044400405122,95056600,99006900,32204600
2022-03-01,160.20558166503906,288.1233215332031,70.0541763305664,163.54320699943037,296.6266784667969,71.36376858185339,158.99815406295153,284.59332275390625,69.31089916835091,161.67805946523026,289.8933410644531,69.70023193149468,83474400,74766900,40002300
2022-03-02,163.50396728515625,293.2966613769531,71.25758361816406,164.28929194125575,295.49334716796875,72.69105540415771,159.96020269374122,281.42333984375,70.62933551314066,161.37378407895594,290.7099914550781,71.31952338201347,79724800,74643300,44321400
2022-03-03,163.1799774169922,279.7633361816406,71.70886993408203,165.81081207668467,295.4800109863281,72.35481228461457,162.5124613709738,277.5333251953125,70.46121731721973,165.37888288040546,292.92333984375,70.66473756179556,76678400,61623600,30196600
2022-03-04,160.17616271972656,279.42999267578125,74.40767669677734,162.512499384929,285.2166748046875,74.57580181091038,159.12580281837,275.0533447265625,71.372621432102,161.47195061166718,283.0333251953125,71.7177153762175,83737200,66999600,42802200
2022-03-07,156.37716674804688,268.1933288574219,77.08880615234375,161.99221739182056,288.71331787109375,77.18614104055189,156.121927641353,268.19000244140625,74.23956324500429,160.3626714753167,285.4333190917969,75.1421151391096,96418800,72494100,55207900
2022-03-08,154.55130004882812,274.79998779296875,77.67279052734375,159.89148955943892,283.3299865722656,80.97331198369314,152.94139129743706,260.72332763671875,75.59337674563571,155.90598466141114,265.1766662597656,78.79656333658826,131148300,80399100,72082300
2022-03-09,159.96018981933594,286.3233337402344,73.25735473632812,160.41175632836593,286.85333251953125,76.60211507472188,156.4851483427237,277.336669921875,72.20437212945339,158.51716018630677,279.82666015625,74.35457616855325,91454900,59184000,65466700
2022-03-10,155.61148071289062,279.4333190917969,75.53144073486328,157.447165177113,284.8166809082031,75.81459487980197,153.11807622105542,270.1199951171875,73.35469197984825,157.26064889872916,283.8166809082031,74.33688439686968,105342000,58648500,44644200
2022-03-11,151.89102172851562,265.1166687011719,75.14208984375,156.35754167605256,281.26666259765625,76.30125764466962,151.66524594480387,264.5899963378906,74.30147800230736,156.01395745746433,280.0666809082031,74.3899623933656,96970100,67037100,35303400
2022-03-14,147.8564453125,255.4566650390625,72.4521255493164,151.29222791354923,266.8999938964844,73.8413514752741,147.34599696795414,252.01333618164062,71.23102469909408,148.67121841249335,260.2033386230469,73.49625760997374,108732100,71152200,37462600
2022-03-15,152.24440002441406,267.2966613769531,68.32870483398438,152.71560375350202,268.5233459472656,70.05417445062935,147.62082764624324,252.19000244140625,67.57657722547061,148.13127588452474,258.42333984375,69.74447564135046,92964300,66841200,47957900
2022-03-16,156.66183471679688,280.07666015625,68.07207489013672,157.06431562049127,280.6666564941406,69.56748594303619,151.62597028281274,267.4200134277344,67.47037163372678,154.16844529700253,269.6666564941406,68.85074691275663,102300200,84028800,37812300
2022-03-17,157.67294311523438,290.5333251953125,69.88606262207031,158.04597567713608,291.6666564941406,70.03648680763104,154.73781315339022,275.239990234375,68.1959812107628,155.6998279417029,276.9966735839844,69.17817377683535,75615400,66582900,34041900
2022-03-18,160.97129821777344,301.7966613769531,69.61174011230469,161.46212424049523,302.6166687011719,70.24883861265667,156.82872538769567,289.1300048828125,69.10737159134723,157.56496442177837,291.4966735839844,69.95683400817414,123511700,100414200,41461500
2022-03-21,162.3456268310547,307.0533447265625,72.73529052734375,163.29783055310392,314.2833251953125,73.01844468349726,160.01910120084528,302.36334228515625,70.5585416861147,160.50992724401203,304.99334716796875,70.8947918878097,95811400,81981600,33089300
2022-03-22,165.72251892089844,331.32666015625,72.41674041748047,166.31150120856418,332.6199951171875,72.73528968332268,161.88425551749586,307.25,71.48764401788031,162.4732378051616,310.0,72.23092113756044,81532000,105868500,23132200
2022-03-23,167.08702087402344,333.03668212890625,73.55821228027344,169.4724284348405,346.8999938964844,74.56694943742154,164.57397876026056,325.4666748046875,73.4874288006473,164.9077518788254,326.64666748046875,73.74403157228198,98062700,120676200,27716300
2022-03-24,170.8761749267578,337.97332763671875,73.7794189453125,170.94488277941835,341.4966735839844,74.9031917969168,167.08699751675573,329.6000061035156,73.22196112778524,167.9213927494687,336.57666015625,73.85020916843804,90131400,68920800,19871600
2022-03-25,171.51425170898438,336.8800048828125,75.38986206054688,172.06397447426608,340.6000061035156,75.64647156526692,169.5803959233043,332.44000244140625,73.25735883307362,170.68966756106184,336.0,73.37238788652986,80546200,62031600,22398300
2022-03-28,172.37806701660156,363.9466552734375,73.27505493164062,172.50567156866614,365.9599914550781,73.71748372702727,168.84411444369465,351.20001220703125,72.5760166248184,169.01099345702383,355.0333251953125,73.59360420439323,90371900,102506100,21552400
2022-03-29,175.67645263671875,366.5233459472656,72.88572692871094,175.72552325481462,371.5899963378906,72.99190552592447,173.10451415071458,357.7033386230469,70.57624792632318,173.4480983503125,369.3299865722656,71.5053444065821,100589400,73614900,27036300
2022-03-30,174.50827026367188,364.663330078125,74.13336944580078,176.31450624555694,371.3166809082031,74.33688966639961,173.45789549385026,361.3333435058594,73.18657207364686,175.27395758161924,363.72332763671875,73.4962708867948,92633200,59865000,22079000
2022-03-31,171.40625,359.20001220703125,73.08038330078125,174.76349791877144,367.71331787109375,74.68198008949427,171.200096496919,358.8800048828125,73.04499493887738,174.57698164903633,364.8566589355469,73.3281490906007,103049300,48992700,27861500
2022-04-01,171.1117401123047,361.5299987792969,73.54936218261719,171.67128888454906,364.9166564941406,74.45191391561781,168.78522990497535,355.5466613769531,72.54946882785524,170.8368787788995,360.3833312988281,72.54946882785524,78751300,54263100,18671100
2022-04-04,175.166015625,381.8166809082031,73.58476257324219,175.21510122926847,383.3033447265625,74.02719138115943,171.2394069446954,357.510009765625,72.60257007959166,171.3670265200288,363.1266784667969,73.9387002188337,76468400,82035900,20869400
2022-04-05,171.8479766845703,363.7533264160156,73.20425415039062,175.02853418606793,384.2900085449219,75.2748171828962,171.21972007698278,362.4333190917969,73.05382326481437,174.24320968187874,378.76666259765625,73.88559136381716,73401800,80075100,21753100
2022-04-06,168.67726135253906,348.586669921875,74.0183334350586,170.44423791053993,359.6666564941406,74.94742978724128,167.00845598396842,342.5666809082031,73.390085401413,169.19753570311426,357.8233337402344,73.81481323357447,89058800,89348400,24768200
2022-04-07,168.9815673828125,352.4200134277344,75.25714111328125,170.1791839693951,358.86334228515625,75.60223503506518,166.73359099058004,340.5133361816406,73.18657083165,168.01955265843017,350.7966613769531,74.177613767833,77594700,79447200,26122000
2022-04-08,166.9691925048828,341.8299865722656,76.84103393554688,168.62818685521674,349.4800109863281,77.16843369148111,166.0955227852114,340.8133239746094,75.36332330238513,168.62818685521674,347.7366638183594,75.36332330238513,76575500,55013700,24866500
2022-04-11,162.70880126953125,325.30999755859375,74.19529724121094,165.92861828036033,336.15667724609375,76.03580239238272,162.46338829627405,324.8800048828125,73.88559847801538,165.61449746357707,326.79998779296875,75.90307242217699,72246700,59357100,21800100
2022-04-12,164.58377075195312,328.98333740234375,75.74381256103516,166.75321318939567,340.39666748046875,76.82333996094637,163.5824815614611,325.5333251953125,75.54914280027371,164.93716605572558,332.5466613769531,75.84114744141587,79265200,65976000,22444200
2022-04-13,167.27349853515625,340.7900085449219,76.81449127197266,167.90175523000033,342.0799865722656,77.07995127023221,163.71011188136575,324.3666687011719,75.38102618397004,164.31873134170252,327.02667236328125,76.63752244041842,70618900,55121100,19306800
2022-04-14,162.2572784423828,328.3333435058594,77.71705627441406,168.12756912608722,337.57000732421875,78.27451421561723,162.01186540312898,327.39666748046875,76.30128525244103,167.48948623673334,333.0966796875,76.69061806415316,75329400,58422300,24566400
2022-04-18,162.0413055419922,334.7633361816406,78.35415649414062,163.54323192882495,338.3066711425781,78.65500488881482,160.56882751734665,324.4700012207031,77.64626759348657,160.91239673580466,329.6766662597656,78.30991090625142,69023900,51715200,19032300
2022-04-19,164.3285369873047,342.7166748046875,77.65511322021484,164.7408440040976,344.9800109863281,78.45148649607236,160.90258113171808,331.77667236328125,77.2215280889028,161.99221543879506,335.0199890136719,77.87632764401258,67723800,49847700,20382600
2022-04-20,164.16163635253906,325.73333740234375,77.83207702636719,165.7813709088185,344.6666564941406,78.30990096098627,163.0523799363438,325.0833435058594,77.24807449578478,165.66356250002266,343.3333435058594,77.8409274930068,67929800,70711200,20689400
2022-04-21,163.36651611328125,336.260009765625,77.00916290283203,168.38275818896258,364.0733337402344,79.46022245989857,162.865879009956,332.1400146484375,76.79679894963667,165.81083486701775,358.24334716796875,78.70808803025167,87227800,105416400,29010900
2022-04-22,158.8214569091797,335.01666259765625,75.32793426513672,164.78990235630212,344.95001220703125,77.97366367319701,158.53678444420197,331.3333435058594,75.21290519341049,163.40578453855588,338.3033447265625,76.68177222939809,84882400,69696600,23591600
2022-04-25,159.8914794921875,332.67333984375,72.78839111328125,160.17615197605645,336.2066650390625,73.14233551828339,155.55257953271186,325.1000061035156,70.16036285111996,158.16376241881838,326.3233337402344,72.88572599343004,96046400,68341200,37698300
2022-04-26,153.92303466796875,292.1400146484375,72.81494140625,159.36138008917553,333.3333435058594,74.96514590096349,153.84450071149385,291.6666564941406,72.71760651855662,159.27303500519898,331.80999755859375,73.20428095702351,95623200,136133700,28941500
2022-04-27,153.69725036621094,293.836669921875,74.89434051513672,156.85815581050312,306.0,75.63762434800043,152.52908216912786,292.4533386230469,72.80607621218095,153.0493564954022,299.52667236328125,73.7882686068308,88063200,76956300,32773000
2022-04-28,160.63754272460938,292.5033264160156,77.15957641601562,161.50140133184425,300.0,77.9913446814661,156.01395492484127,273.8999938964844,74.38997468769938,156.3280907743164,299.99334716796875,75.10670714992867,130216800,124948500,33683800
2022-04-29,154.75743103027344,290.2533264160156,75.4341049194336,163.15055858383272,311.4666748046875,77.9913426575666,154.36477622377623,290.0,74.94743057442119,158.87055528620192,300.75,77.9913426575666,131747600,88133100,34656500
2022-05-02,155.061767578125,300.9800109863281,76.4605484008789,155.32680285229077,302.1199951171875,77.01800625813979,150.45781697290937,282.6766662597656,74.88549620324424,153.83470249054395,286.92333984375,75.22174641159364,123055300,75781500,36335200
2022-05-03,156.5538787841797,303.0833435058594,78.03559112548828,157.76132169874938,308.02667236328125,78.55765385045257,153.45186941180674,296.1966552734375,76.20393622874971,155.24827964309745,301.05999755859375,76.3278157482642,88966500,63709500,33908100
2022-05-04,162.97389221191406,317.5400085449219,81.14143371582031,163.42544380743908,318.5,81.30070834305386,156.33791416985588,295.09332275390625,78.67268712009135,156.74039514151906,301.3133239746094,79.19474982823462,108256500,81643800,46188400
2022-05-05,153.89356994628906,291.09332275390625,79.9114761352539,161.0694428169404,315.20001220703125,81.45113299718635,152.10695632876542,285.8999938964844,78.21255140925268,160.84366707784005,313.00665283203125,81.44228253220695,130525300,92519100,41013400
2022-05-06,154.62109375,288.54998779296875,81.13258361816406,156.7445813601952,296.0,81.24761265897803,151.57349495754403,281.03668212890625,79.06201362702548,153.37255959944574,295.6666564941406,80.50433562431535,116124600,72903000,29619300
2022-05-09,149.48931884765625,262.3699951171875,74.73507690429688,153.19558860822082,281.8766784667969,79.24784960506415,148.92896288962842,260.3833312988281,74.34573737489804,152.31079472594658,278.8166809082031,79.14167100681222,131577900,90810300,45851600
2022-05-10,151.8978729248047,266.67999267578125,75.23058319091797,154.0901836973431,275.1199951171875,76.88526917949308,150.34458235534652,258.0833435058594,73.90329691425379,152.89080762473395,273.10333251953125,75.77919728227293,115366700,84401700,34483200
2022-05-11,144.0233154296875,244.6666717529297,76.79679107666016,152.82200644382692,269.92333984375,78.69923624609997,143.34497796029567,242.39999389648438,76.34551181532149,150.90497555260774,265.0,76.47824180405964,142689800,97224600,33020600
2022-05-12,140.14993286132812,242.6666717529297,77.14542388916016,143.72839581595062,253.22000122070312,77.21693242192401,136.45350338099348,226.6666717529297,74.55305031926626,140.35638928215414,233.6666717529297,76.83254592549065,182602000,140313000,29491500
2022-05-13,144.6230010986328,256.5299987792969,79.43386840820312,145.59626984264398,262.45001220703125,79.51431807298054,140.69062395231782,250.52333068847656,77.19012343831604,142.14559929622243,257.82666015625,78.09298610127206,113990900,92150700,25798400
2022-05-16,143.0795440673828,241.4566650390625,81.30215454101562,145.02608166695018,256.586669921875,82.22289937914158,141.7425351609862,239.69667053222656,79.5321938589659,143.08938461134267,255.72000122070312,79.54113498324118,86643800,86098500,26101200
2022-05-17,146.71702575683594,253.8699951171875,82.33910369873047,147.2380646317424,254.82666015625,82.6430337121629,144.20029128457014,242.9499969482422,81.45412339011803,146.34344505375913,249.1199951171875,81.99941600958613,78336300,80236200,23120700
2022-05-18,138.43934631347656,236.60333251953125,81.03398132324219,144.86877642522347,253.5,83.06318002684677,137.5348863581385,233.60333251953125,80.30096600237118,144.36740373329286,248.17333984375,82.69667577645099,109742900,87811800,25451200
2022-05-19,135.02801513671875,236.47332763671875,81.47200012207031,139.26514939022877,244.6666717529297,82.50895227407692,134.29069437332384,231.3699951171875,79.55900877137616,137.5152426451712,235.6666717529297,79.55900877137616,136095600,90296700,24387400
2022-05-20,135.2639617919922,221.3000030517578,82.11561584472656,138.32138613190273,240.52667236328125,83.66209596264208,130.3681556306207,211.0,80.81049149073544,136.73860346717416,237.99667358398438,82.17819006649057,137426100,144973200,28795000
2022-05-23,140.690673828125,224.96665954589844,83.9302749633789,140.8381320230554,226.65333557128906,84.71692329575211,135.32297052015298,212.68666076660156,82.73242362862342,135.4606031690326,218.33999633789062,82.83075552267991,117726300,88903500,27239300
2022-05-24,137.9871063232422,209.3866729736328,84.38618469238281,139.56988862899178,217.97332763671875,84.73481350586613,135.00833201503448,206.85667419433594,82.52682647375231,138.4294957252956,217.8433380126953,82.97378719053391,104132700,89092500,24293300
2022-05-25,138.14442443847656,219.60000610351562,86.08463287353516,139.39294348204788,223.10667419433594,86.29023097467997,136.00127092128338,207.6699981689453,84.44875508753373,136.0897458139781,207.9499969482422,84.54708698636959,92482700,92139300,29947800
2022-05-26,141.34930419921875,235.91000366210938,86.3885726928711,141.89983463413682,239.55667114257812,87.0947714920174,134.82155832650707,217.8866729736328,85.99524505282005,135.0673319135833,220.47332763671875,86.35281501467739,90601500,106003200,24314800
2022-05-27,147.1102294921875,253.2100067138672,87.23778533935547,147.1495466635664,253.26666259765625,87.54172215896405,142.80427168601537,240.17666625976562,85.19071135410259,142.93207874444667,241.0833282470703,85.77175480262436,90978500,89295000,25588800
2022-05-31,146.3237762451172,252.75332641601562,85.81644439697266,148.11301536783856,259.6000061035156,89.19546580389093,144.3575873194881,244.7433319091797,85.55720640278074,146.5498987721629,257.9466552734375,88.10488073180022,103718400,101914500,44888100
2022-06-01,146.1959686279297,246.7899932861328,87.4612808227539,149.17474333360954,257.32666015625,88.23899502332068,145.18336763808455,243.63999938964844,86.37070226505544,147.36583831364814,251.72000122070312,86.72826542753748,74286600,77247900,25815400
2022-06-02,148.6536865234375,258.3333435058594,87.30929565429688,148.71266977766248,264.2099914550781,87.69368210335864,144.377220582194,242.06666564941406,86.52264733020519,145.33082319437173,244.1566619873047,86.96960800027335,72348100,93473100,19089100
2022-06-03,142.92222595214844,234.51666259765625,88.57867431640625,145.4684360868752,247.79666137695312,89.08821609656506,142.0177811745908,233.4166717529297,87.51491241523549,144.4165181928999,243.22666931152344,87.51491241523549,88570300,112393800,21038200
2022-06-06,143.66940307617188,238.27999877929688,88.35518646240234,146.05833007006927,244.86666870117188,89.19547474713313,142.45036072118282,234.35000610351562,88.20322146369796,144.54435641942476,244.35333251953125,88.65912327989007,71598400,84204600,20682100
2022-06-07,146.1959686279297,238.8866729736328,92.40465545654297,146.48105939148104,239.99667358398438,92.45828855688912,141.66390303598558,230.0933380126953,88.93623613914241,141.9096766255686,234.0,89.12395881043282,67808200,72808500,37810200
2022-06-08,145.45864868164062,241.86666870117188,93.4952392578125,147.3363475160415,249.9633331298828,94.37128526161919,144.96710149969525,239.17666625976562,92.05603202740318,146.06816238698744,240.086669921875,92.51192704706408,53950200,76210500,31613200
2022-06-09,140.2285614013672,239.7066650390625,91.4749755859375,145.4487894010345,255.54666137695312,93.47735754855256,140.12042043523653,239.32666015625,91.32301058959557,144.5935022148915,249.33999633789062,92.44934660727219,69473000,96491400,26607000
2022-06-10,134.81170654296875,232.22999572753906,89.80333709716797,138.3803281321393,239.5,92.38676922701478,134.7428827515855,227.913330078125,89.20441143552539,137.90844713703416,235.1566619873047,91.12634368266366,91437900,97536600,30950500
2022-06-13,129.65048217773438,215.73666381835938,85.68236541748047,132.91434748083088,226.63333129882812,87.39869288050993,129.2179182819536,214.68333435058594,83.95709683076716,130.6237359424125,223.1666717529297,87.17521252896717,122207100,102767400,33421000
2022-06-14,130.51559448242188,220.88999938964844,85.90585327148438,131.62649584691928,226.3300018310547,88.20323121317897,129.25723497256138,211.73666381835938,85.16389680274574,130.87934957569854,218.2866668701172,87.07689505349346,84784300,97988700,31264000
2022-06-15,133.1404571533203,233.0,84.82420349121094,135.01817091312645,235.663330078125,86.32599175834282,129.9257495131237,218.14999389648438,83.37604832716542,132.01973022353556,220.9166717529297,85.80751569491032,91533000,119131800,29620800
2022-06-16,127.8612289428711,213.10000610351562,81.69547271728516,130.15184022343473,225.1666717529297,83.25089397734722,126.85846866106286,208.69332885742188,80.70321945998381,129.84708342230354,222.73666381835938,82.60727632565442,108123900,107390700,35696700
2022-06-17,129.3358917236328,216.75999450683594,76.98452758789062,130.8301993524765,220.97000122070312,81.65973355085444,127.61547659200777,213.19667053222656,76.57332448664135,127.87109072638007,213.43333435058594,81.31110468631528,134520300,92641800,64610200
2022-06-21,133.57305908203125,237.0366668701172,81.77593231201172,134.74294406124704,243.57666015625,82.71454568582281,131.06617984180681,224.3333282470703,79.12991897801727,131.164480301734,224.60333251953125,79.18355889943435,81000500,122793000,35951500
2022-06-22,133.0618133544922,236.086669921875,78.53994750976562,135.4310591073431,246.8333282470703,80.23839980972409,131.64615522779903,233.82666015625,78.24495176301954,132.5112679712454,234.50332641601562,78.25389288809431,73409200,101107500,29727200
2022-06-23,135.93246459960938,235.07000732421875,76.17105102539062,136.24704700188127,239.31666564941406,79.60371316918216,133.33709602733944,228.6366729736328,74.66032149152717,134.5069807437755,237.9066619873047,79.25508432599518,72433800,104202600,35757200
2022-06-24,139.26513671875,245.7066650390625,77.68175506591797,139.51091028418583,246.06666564941406,79.02263689046174,137.40708916408835,236.086669921875,76.70737739364245,137.53488121755194,237.47000122070312,77.7264470346895,89116800,95770800,26639000
2022-06-27,139.26513671875,244.9199981689453,79.58583068847656,141.06420101783954,252.07000732421875,80.48869332029915,138.58679927801467,242.56666564941406,78.37009689317482,140.2875481505987,249.36666870117188,78.49524535856648,70207900,89178300,25478700
2022-06-28,135.1165008544922,232.663330078125,81.7938003540039,140.995401345449,249.97000122070312,83.34922153308105,134.99853432316218,232.3433380126953,80.76578947734228,139.7272161311599,244.48333740234375,81.45411270940129,67083400,90391200,33096900
2022-06-29,136.87623596191406,228.49000549316406,78.77235412597656,138.29189436889533,231.17333984375,83.31346953381288,134.35951657209444,222.27333068847656,78.45054188493825,135.13616958742787,230.5,83.1168125599151,66242400,82897200,25400900
2022-06-30,134.40867614746094,224.47332763671875,76.55542755126953,136.0307760106686,229.4566650390625,78.3075126631482,131.50855048251,218.8633270263672,75.68832270884286,134.9297150126528,224.50999450683594,77.0023882477716,98964500,94600500,39948100
2022-07-01,136.58126831054688,227.26333618164062,78.2628173828125,136.68940927123788,230.22999572753906,78.55780624679515,133.3665611170388,222.1199951171875,75.72407718737583,133.74012670784026,227.0,77.53873644738204,71051600,74460300,26327900
2022-07-05,139.1668243408203,233.06666564941406,75.81346893310547,139.2159820551499,233.14666748046875,77.50297977068927,134.6150930089742,216.1666717529297,74.20441456497169,135.44090360755794,223.0,77.18116753304676,73353800,84581100,34591100
2022-07-06,140.5038299560547,231.73333740234375,74.4457778930664,141.68354006887108,234.56333923339844,76.18892882732524,138.69494011634768,227.18666076660156,72.41657918527609,138.96037976700046,230.77999877929688,74.87486319352259,74064300,71853600,33375700
2022-07-07,143.87586975097656,244.5433349609375,76.8236083984375,144.07248562850194,245.3633270263672,77.55662368413014,140.857762778016,232.2100067138672,76.25149923985198,140.8675883216018,233.9199981689453,76.32300776961581,66253700,81930600,23817400
2022-07-08,144.5541534423828,250.76333618164062,76.94876098632812,145.05554104632404,254.97999572753906,78.03934625977135,142.54864802909546,241.16000366210938,75.92074994234086,142.80424710112618,242.3333282470703,77.72646829241211,64547800,101854200,17673800
2022-07-11,142.42088317871094,234.3433380126953,76.55542755126953,144.16096449444552,253.06333923339844,76.98451282074627,141.3493138659739,233.6266632080078,75.41120925943684,143.20736171130733,252.10333251953125,76.13528340534494,63141600,99241200,15603800
2022-07-12,143.39414978027344,233.07000732421875,75.53636169433594,145.94036067600746,239.77333068847656,76.02802121446098,142.59784571642712,228.3699951171875,74.07033107806404,143.29583433994398,236.84666442871094,74.89273716620109,77588800,87930900,21013000
2022-07-13,143.03038024902344,237.0399932861328,75.84028625488281,143.9741422785196,242.05999755859375,77.15435176861929,139.71734260162484,225.03334045410156,74.46365333771767,140.5726447543378,225.5,74.53516186452707,71185600,97954500,19928600
2022-07-14,145.9600067138672,238.31333923339844,74.32063293457031,146.4318877608006,238.65333557128906,74.47259795269018,140.82825345087886,229.3333282470703,72.13052798848108,141.64422349086814,234.89666748046875,73.16747338162348,78140700,78557400,26343000
2022-07-15,147.63124084472656,240.06666564941406,75.57212829589844,148.30957818143008,243.6233367919922,75.8760583478141,145.69454424604356,236.88999938964844,74.10609750647905,147.2478347414801,240.0,75.80454980741521,76259900,69683100,17243700
2022-07-18,144.5836944580078,240.54666137695312,76.96662139892578,149.00761906982018,250.51666259765625,78.61144011242581,144.219939344917,239.60333251953125,76.65375031268556,148.1916489524308,244.93666076660156,77.39570661725394,81420900,82537500,19395800
2022-07-19,148.44725036621094,245.52999877929688,78.90644073486328,148.67335787183444,247.13999938964844,79.12992108984147,144.42639797966964,236.97666931152344,77.10072246747438,145.41931789638997,245.0,77.25268747204053,82982400,80890200,18248900
2022-07-20,150.4527587890625,247.5,79.7735366821289,151.12127077444447,250.663330078125,80.14004769694336,147.8278985688421,243.48333740234375,77.99463516506346,148.5652193610668,246.78334045410156,78.2896308374636,64823400,88864200,16584400
2022-07-21,152.72369384765625,271.7066650390625,78.44160461425781,152.93997577721333,273.26666259765625,78.48630341329476,149.3713389403487,254.86666870117188,76.17104338878033,151.88805775611044,255.10667419433594,77.70858932257447,65086600,142032300,21375700
2022-07-22,151.4849853515625,272.24334716796875,77.84266662597656,153.6379641019081,280.78668212890625,79.0852166584012,150.8164884797473,270.71331787109375,77.44039795830818,152.76301084272214,276.2200012207031,78.26281071839375,66675400,103472700,15479500
2022-07-25,150.36428833007812,268.4333190917969,80.43505096435547,152.41895206482627,274.14666748046875,80.5691337189449,149.70561686969222,267.3999938964844,78.14660753156264,151.40636601369852,272.2166748046875,78.80811428123945,53623900,64073400,17536400
2022-07-26,149.037109375,258.8599853515625,80.12217712402344,150.50191035513055,267.30999755859375,81.59714888082931,148.25063089528444,256.2633361816406,79.55900906564132,149.68594024499822,266.5133361816406,81.46305929928705,55138700,66820800,15141200
2022-07-27,154.13937377929688,274.82000732421875,81.85637664794922,154.67025318814936,275.9266662597656,82.24076309609279,149.58765663017232,261.7900085449219,79.91656898130589,150.00055450326258,263.80999755859375,80.70321730351849,78620700,88110000,18047000
2022-07-28,154.68991088867188,280.8999938964844,82.81287384033203,154.9750016662387,283.29998779296875,83.3581664128751,151.7996109329514,272.79998779296875,81.35578448587687,154.32615575764223,280.0666809082031,82.40167083514982,81378700,84723000,20353100
2022-07-29,159.76268005371094,297.1499938964844,86.6478042602539,160.86375608227763,298.32000732421875,87.17521462896184,156.80357104125676,279.1000061035156,84.11800498302958,158.51416085291524,280.70001220703125,84.4308761187105,101786900,95313000,29825800
2022-08-01,158.77955627441406,297.27667236328125,84.45770263671875,160.82439423501998,311.8766784667969,85.23540994294343,158.17004260375904,295.0,83.34030081046076,158.28800912044616,301.27667236328125,84.73481610720529,67829400,117042900,20793200
2022-08-02,157.30491638183594,300.586669921875,84.09120178222656,159.66435174491758,307.8333435058594,85.10133070067877,156.931350741657,292.6666564941406,83.86772138981924,157.39340627106276,294.0033264160156,84.64543561062567,59907000,95577600,16722500
2022-08-03,163.32147216796875,307.39666748046875,81.3647232055664,163.77368717681702,309.54998779296875,84.40405734371718,158.0324196674791,301.1499938964844,81.1591251018545,158.1208945604064,305.0,84.40405734371718,82507500,80091000,23580800
2022-08-04,163.00686645507812,308.6333312988281,77.9410171508789,164.3635414140804,313.6066589355469,80.75686439754051,161.65019149607585,305.0,77.26163490663076,163.20348231849744,311.0,80.73004784396541,55474100,72256200,31821500
2022-08-05,162.78042602539062,288.1700134277344,79.06734466552734,163.27265590146177,304.6066589355469,80.17581210586566,160.4669395991908,285.5433349609375,77.12753687505379,160.67368275667272,302.6700134277344,77.199052223478,56697000,113172900,17408000
2022-08-08,162.30789184570312,290.42333984375,79.51431274414062,165.20220622926755,305.20001220703125,80.09536306888631,161.64830554399492,289.086669921875,78.8617538844118,163.7845816314674,295.0,79.21038271524328,60276900,98994000,14458500
2022-08-09,162.35714721679688,283.3333435058594,80.9803237915039,163.24317026155526,292.39666748046875,81.89212729731832,160.7131007604691,279.35333251953125,80.40821472985007,161.47113919370653,290.2933349609375,80.49761231204684,63135500,86244600,19083400
2022-08-10,166.61000061035156,294.3566589355469,81.74911499023438,166.70843758837208,297.510009765625,82.053051833824,164.30635300401312,283.3699951171875,79.72885739611775,165.07423053223724,297.0666809082031,81.06079846517471,70170500,94918800,18302000
2022-08-11,165.8716583251953,286.6300048828125,84.11393737792969,168.3328081399825,298.2366638183594,85.11583156596,165.5763173430876,285.8333435058594,82.53437533742078,167.41725259761515,296.5133361816406,82.89541258046191,57149200,70155000,18797900
2022-08-12,169.42555236816406,300.0299987792969,84.84506225585938,169.4944567489093,300.1600036621094,84.86311136677297,166.76749865896252,285.0333251953125,83.13913549119705,167.18098503009688,289.4166564941406,83.47310257703313,68039400,79657200,15058200
2022-08-15,170.49859619140625,309.32000732421875,83.32867431640625,170.6954851482581,313.1333312988281,83.69874647565,168.68719375370597,301.2300109863281,80.92774338241867,168.85455011811328,301.78668212890625,81.71300703077898,54091700,89359200,20755200
2022-08-16,170.34107971191406,306.5633239746094,82.55242919921875,171.01052019393777,314.6666564941406,83.84315738782122,168.99237457923107,302.8833312988281,82.3989876734552,170.09496475942944,311.6666564941406,83.06691487515991,56377100,88136400,14038200
2022-08-17,171.8374481201172,303.9966735839844,83.22036743164062,173.412574668192,309.65667724609375,84.13200248224724,169.88822206935535,300.0333251953125,82.06503150701,170.08511101015677,303.39666748046875,82.38094259790974,79542000,68766000,13678000
2022-08-18,171.44371032714844,302.8699951171875,85.18804931640625,172.1820553587411,306.5,86.02747413275651,170.42971768549464,301.85333251953125,84.02368541718847,171.04993231896626,306.0,84.0778465218965,62290100,47500500,17770400
2022-08-19,168.8545379638672,296.6666564941406,84.91727447509766,171.0400397774375,300.3599853515625,85.92818998238867,168.6477948099723,292.5,84.6645455982749,170.34106675601168,299.0,84.9894846931457,70346300,61395300,16128600
2022-08-22,164.96597290039062,289.913330078125,84.85408782958984,167.22037973855075,292.3999938964844,85.28733534258751,164.54264728016773,286.2966613769531,82.91348136043658,167.05302333761028,291.913330078125,84.3215461071966,69026800,55843200,16019900
2022-08-23,164.63121032714844,296.4533386230469,88.45548248291016,166.0882216660332,298.82666015625,88.82555464364123,164.06022183299058,287.92333984375,86.15383196988842,164.4835473638596,291.4533386230469,86.24409817537526,54147100,63984900,23764700
2022-08-24,164.9265594482422,297.0966796875,88.97898864746094,165.4975479706951,303.64666748046875,89.33100478277727,163.6664520268514,296.5,87.87780714258663,164.7198312893935,297.5633239746094,88.4645029968952,53841500,57259800,17050300
2022-08-25,167.3877410888672,296.07000732421875,89.43931579589844,167.49603229522685,302.9599914550781,90.13432697597747,165.73385541537561,291.6000061035156,88.54573687928394,166.1571660264473,302.3599853515625,89.28587427325293,51218200,53230000,15305700
2022-08-26,161.0773162841797,288.0899963378906,88.33816528320312,168.3918608006587,302.0,90.17948471710939,161.01825109648692,287.4700012207031,87.93198792914293,167.91932427745144,297.42999267578125,89.15050621863125,78961000,57163900,15531400
2022-08-29,158.8721466064453,284.82000732421875,90.3690185546875,160.36851486839709,287.739990234375,91.66876799850964,157.33639153558275,280.70001220703125,88.58185360070748,158.645710009374,282.8299865722656,88.61795870836158,73314000,41864700,23059200
2022-08-30,156.4405059814453,277.70001220703125,86.9300765991211,160.03377814075716,288.4800109863281,89.01510341904203,155.26899644924123,272.6499938964844,86.48780110425383,159.61046764917498,287.8699951171875,88.78042367455653,77906200,50541800,17086800
2022-08-31,154.77679443359375,275.6099853515625,86.28019714355469,158.0845804641707,281.25,87.40845585849611,154.69803583504827,271.80999755859375,84.47498319964842,157.81877207178803,280.6199951171875,84.8721324709381,87991100,52107300,18340900
2022-09-01,155.50531005859375,277.1600036621094,84.72772216796875,155.95815325184458,277.5799865722656,85.8108478210867,152.26642820794754,266.1499938964844,83.30160144516566,154.20581563274152,272.5799865722656,85.22415188967074,74229900,54287000,16423000
2022-09-02,153.38868713378906,270.2099914550781,86.28019714355469,157.86798246463846,282.3500061035156,87.36332964170526,152.56174446332417,269.0799865722656,85.84694965337022,157.26746135406307,281.07000732421875,86.96618037041559,76957800,50890100,18206800
2022-09-06,152.1285858154297,274.4200134277344,85.7025375366211,154.64880073393257,275.989990234375,87.18281256314897,151.30164311185825,265.739990234375,85.3053951131947,154.03844040820118,272.67999267578125,86.7946981384934,73714800,55860000,19201500
2022-09-07,153.53636169433594,283.70001220703125,84.97142028808594,154.2353197614945,283.8399963378906,85.37759067331379,151.22287508520006,272.2699890136719,83.31062675537815,152.41407808901712,273.1000061035156,84.11394641422949,87449600,50028900,16274700
2022-09-08,152.0596923828125,289.260009765625,85.66643524169922,153.9301603024717,289.5,86.12675986194708,150.3073398300262,279.760009765625,84.59233068843082,152.2368879656222,281.29998779296875,85.44078348757358,84923800,53713100,18759200
2022-09-09,154.9244384765625,299.67999267578125,87.10157775878906,155.36745741692656,299.8500061035156,87.55288127049263,152.34515853161906,291.25,86.03650119571483,153.05397081020374,291.6700134277344,87.11962686926536,68028800,54338100,17158000
2022-09-12,160.8902587890625,304.4200134277344,88.10347747802734,161.70736223015916,305.489990234375,89.52959831469504,156.82445000741808,300.3999938964844,87.4445712807697,157.10993674145692,300.7200012207031,88.13958258752665,104956000,48674600,16118900
2022-09-13,151.44931030273438,292.1300048828125,86.04553985595703,158.0451887543499,297.3999938964844,88.25692458277733,150.98661293916587,290.3999938964844,85.6664465118757,157.41513500718563,292.8999938964844,87.20087588725968,122656600,68229600,18229100
2022-09-14,152.896484375,302.6099853515625,88.15762329101562,154.65867623529226,306.0,88.96094296330787,151.2229053335967,291.6400146484375,86.78566369262114,152.38456095494288,292.239990234375,86.8217687986769,87965400,72628700,22655700
2022-09-15,150.0021209716797,303.75,85.59422302246094,152.82753054970132,309.1199951171875,87.13768015816063,149.02751547416497,300.7200012207031,84.89019066789737,152.24668790524385,301.8299865722656,86.84884619510007,90481100,64795500,21092300
2022-09-16,148.3580780029297,303.3500061035156,84.13200378417969,148.9979858391176,303.7099914550781,86.05455435541668,146.06428503412624,295.6000061035156,83.03985006082807,148.8601620780663,299.6099853515625,85.81085347762145,162278800,87087800,37874700
2022-09-19,152.079345703125,309.07000732421875,84.12297821044922,152.15810428972742,309.8399963378906,84.3847350934614,146.78296219367604,297.79998779296875,82.13724536280965,146.989690339551,300.0899963378906,82.14627336190541,81474200,60231200,15342100
2022-09-20,154.46173095703125,308.7300109863281,83.43698120117188,155.62340128977206,313.3299865722656,83.87925663894967,150.70110246996018,305.5799865722656,82.71489295119908,151.01612178316293,306.9100036621094,83.69873801962842,107689800,61642800,14712500
2022-09-21,151.33119201660156,300.79998779296875,82.09210968017578,156.2731854100913,313.79998779296875,84.73674865198706,151.21306162383578,300.6300048828125,82.01990634871002,154.8949324005984,308.2900085449219,84.45694266590058,101696800,62555700,17332400
2022-09-22,150.3664093017578,288.5899963378906,81.7491226196289,152.06952070873675,301.2900085449219,83.63557498987076,148.5648458969192,285.82000732421875,81.70398951127869,150.01200313979504,299.8599853515625,83.2203696748162,86652500,70545400,16139400
2022-09-23,148.09230041503906,275.3299865722656,77.3985595703125,149.1161471568303,284.5,78.97812201052295,146.2513651484526,272.82000732421875,76.58621179522083,148.84049957750184,283.0899963378906,78.97812201052295,96029900,63748400,27738800
2022-09-26,148.42701721191406,276.010009765625,75.80093383789062,151.38039679019585,284.0899963378906,77.82277145495941,147.31457276382835,270.30999755859375,75.71969563240577,147.3342661670832,271.8299865722656,76.63133056982225,93339400,58076900,22043400
2022-09-27,149.401611328125,282.94000244140625,77.3895263671875,152.3156188966605,288.6700134277344,78.49070806756052,147.6197415235521,277.510009765625,76.55010153709537,150.36639273150132,283.8399963378906,77.27218993003203,84442700,61925200,17307300
2022-09-28,147.51145935058594,287.80999755859375,80.20568084716797,148.29903022974963,289.0,80.6028302411023,142.58916013289422,277.57000732421875,77.55201332651015,145.34565069913458,283.0799865722656,77.73253890845612,146691400,54664800,19543300
2022-09-29,140.26585388183594,268.2099914550781,80.04318237304688,144.439969608928,283.6499938964844,80.65695535741318,138.4938229117654,265.7799987792969,78.64413888495851,143.82960922766318,282.760009765625,79.59187891061119,128138200,77620600,17896000
2022-09-30,136.05233764648438,265.25,78.8066177368164,140.87619954797051,275.57000732421875,80.36813093170316,135.85544869618502,262.4700012207031,78.8066177368164,139.0844755504192,266.1499938964844,79.58286033501281,124925300,67726600,21357600
2022-10-03,140.23631286621094,242.39999389648438,82.96763610839844,140.84668823250414,255.16000366210938,83.36478540313955,135.55028904590418,241.00999450683594,80.9819034073831,136.06221241134372,254.5,81.27073738000979,114311700,98363500,23881300
2022-10-04,143.82962036132812,249.44000244140625,85.99136352539062,143.94775076125475,257.5,86.0726017340844,142.01820243966583,242.00999450683594,83.68069187175445,142.77624088975452,250.52000427246094,84.1590724669515,87830100,109578500,22133700
2022-10-05,144.12489318847656,240.80999755859375,89.46639251708984,145.08967450416395,246.6699981689453,90.251656061132,140.7875754267863,233.27000427246094,86.34337367505418,141.83111532059078,245.00999450683594,86.42460498526115,79471000,86982700,34857700
2022-10-06,143.17001342773438,238.1300048828125,92.12006378173828,145.24722466977872,244.5800018310547,92.22837909560818,142.9632852357701,235.35000610351562,88.75334369016429,143.54411304208395,239.44000244140625,88.87970811317355,68402200,69298400,29124700
2022-10-07,137.91297912597656,223.07000732421875,91.19038391113281,140.8762129387206,234.57000732421875,93.2573547630277,137.28292541213156,222.02000427246094,90.42316934005966,140.32490279514894,233.94000244140625,92.23741133431585,85925600,83916800,24507600
2022-10-10,138.2378692626953,222.9600067138672,89.21366119384766,139.68502664208134,226.99000549316406,92.09297936017245,136.4166273038199,218.36000061035156,89.10535277492497,138.2378692626953,223.92999267578125,91.60557081598823,74899000,67925000,16786100
2022-10-11,136.8202362060547,216.5,88.45548248291016,139.15341644364526,225.75,90.04407266792259,136.0720520706598,215.0,87.327223777771,137.72593753469053,220.9499969482422,87.75145015271846,77033700,77013200,17804100
2022-10-12,136.19017028808594,217.24000549316406,88.84362030029297,138.17878336551573,219.3000030517578,89.27687475375284,136.01297472776957,211.50999450683594,87.76049449616215,136.9679019716922,215.3300018310547,88.00419539187051,70433700,66860700,12635800
2022-10-13,140.76791381835938,221.72000122070312,91.9485855102539,141.35858069211028,222.99000549316406,92.47209238184462,132.2818600306571,206.22000122070312,87.91393076998443,132.8922353283637,208.3000030517578,88.04932320894663,113224000,91483000,22019100
2022-10-14,136.2295379638672,204.99000549316406,89.52957916259766,142.27411991527399,226.25999450683594,92.2825260311426,136.04248821757835,204.16000366210938,89.39418675252469,142.06737676893817,224.00999450683594,91.27161072679834,88598000,94124500,15222000
2022-10-17,140.1969451904297,219.35000610351562,90.82032775878906,140.67932095242676,221.86000061035156,92.03884595146232,138.09020149670755,209.4499969482422,90.71201242904311,138.87777246163483,210.0399932861328,91.22649819423162,85250900,79428800,14283200
2022-10-18,141.51611328125,220.19000244140625,90.98279571533203,144.42026703642762,229.82000732421875,92.38183254671156,138.4249097380949,217.25,89.56570288613857,143.22907894720203,229.5,91.65072302119287,99136600,75891900,14065400
2022-10-19,141.62440490722656,222.0399932861328,93.68156433105469,142.69746261645687,222.92999267578125,93.86208294371,139.30107889163025,217.77999877929688,91.37089303461707,139.488128680181,219.8000030517578,91.38894214134514,61758300,66571500,20921700
2022-10-20,141.16171264648438,207.27999877929688,93.80795288085938,143.62286253921314,215.5500030517578,94.77374216845554,140.4332068704366,202.0,93.33860023535044,140.7974672692939,208.27999877929688,94.15996908657743,64522000,117798100,17649000
2022-10-21,144.9813995361328,214.44000244140625,95.54997253417969,145.5523880250328,214.66000366210938,96.03738111484829,140.43318502707822,203.8000030517578,93.78989173149682,140.6497673856839,206.4199981689453,94.27729342582089,86548600,75713800,22814100
2022-10-24,147.12753295898438,211.25,96.21791076660156,147.89541049964913,213.5,97.19272803954377,143.73114921809554,198.58999633789062,94.88205618043217,144.90265893368223,205.82000732421875,95.36946481690327,75981900,100446800,17024200
2022-10-25,149.9725799560547,222.4199981689453,95.56802368164062,150.12025791702487,224.35000610351562,96.87680792237312,147.03889439572563,210.0,94.8369142382159,147.75754573646154,210.10000610351562,96.0464111611568,74732300,96507900,15719800
2022-10-26,147.0290985107422,224.63999938964844,96.70531463623047,149.62807215966112,230.60000610351562,97.32811567763504,145.73944336708044,218.1999969482422,95.67634319429378,148.61407962000084,219.39999389648438,95.91102294539978,88194300,85012500,17383800
2022-10-27,142.5498046875,225.08999633789062,97.07540130615234,146.73375950209572,233.80999755859375,98.90769271070403,141.89021831932845,222.85000610351562,96.9580579699117,145.76899295091448,229.77000427246094,97.85164400261453,109180200,61638800,18214000
2022-10-28,153.31979370117188,228.52000427246094,99.91858673095703,155.05243775655637,228.86000061035156,100.37891820418862,145.52287291944214,216.35000610351562,97.5898660307706,145.89695747516933,225.39999389648438,98.79935603978379,164762400,69152400,28169400
2022-10-31,150.9570770263672,227.5399932861328,100.01787567138672,151.84309994681692,229.85000610351562,101.91335580854235,149.55914577499016,221.94000244140625,98.78130853556658,150.77988145527678,226.19000244140625,98.83546274988144,97943200,61554300,26401800
2022-11-01,148.3088836669922,227.82000732421875,101.01075744628906,153.03429437423398,237.39999389648438,101.60647451352605,146.8125153766711,227.27999877929688,99.87347064439724,152.6700490040681,234.0500030517578,101.42595585953792,80379300,62688800,22213100
2022-11-02,142.7761993408203,214.97999572753906,98.93475341796875,149.80524150264998,227.8699951171875,101.18224291063866,142.74666674943285,214.82000732421875,98.66396856453363,146.63527983930877,226.0399932861328,100.712890302542,93604600,63070300,20654200
2022-11-03,136.72177124023438,215.30999755859375,100.27961730957031,140.5808515547038,221.1999969482422,100.92949532816769,136.59378666921566,210.13999938964844,97.7613434306773,139.85234595133585,211.36000061035156,98.00505113082312,97918500,56538800,17103700
2022-11-04,136.45555114746094,207.47000122070312,101.37178802490234,140.68588340372804,223.8000030517578,102.44589253796153,132.51117923439392,203.0800018310547,100.00885643917348,140.11394767074316,222.60000610351562,101.99458904660487,140814800,98622200,17541500
2022-11-07,136.988037109375,197.0800018310547,102.57225799560547,137.21483428526327,208.89999389648438,102.88816906546145,133.78323487446542,196.66000366210938,101.2093195098327,135.2032111952328,208.64999389648438,101.46205525206233,83374600,93916500,16008000
2022-11-08,137.55996704101562,191.3000030517578,102.89720916748047,139.46311921929427,195.1999969482422,103.49293315758023,135.57792562085092,186.75,101.63355785306685,138.457315240062,194.02000427246094,102.42785650653317,89908500,128803400,14661000
2022-11-09,132.9943389892578,177.58999633789062,98.29390716552734,136.623168532168,195.88999938964844,102.24732348674218,132.71823419264956,177.1199951171875,97.99604519223402,136.57386087993447,190.77999877929688,102.08485394552265,74917800,127062700,19522800
2022-11-10,144.82748413085938,190.72000122070312,99.73808288574219,144.82748413085938,191.0,99.91860154819173,137.55998303216782,180.02999877929688,97.09344385141756,139.2757903878347,189.89999389648438,99.45827689304173,118854000,132703000,20146700
2022-11-11,147.61807250976562,195.97000122070312,102.85205841064453,147.92375883585262,196.52000427246094,103.34849498388219,142.36219667266826,182.58999633789062,101.53425310009348,143.79204310874798,186.0,101.61549130587076,93979700,114403600,20518900
2022-11-14,146.21786499023438,190.9499969482422,103.1523208618164,148.19005093835904,195.72999572753906,104.30785670062069,145.37967994364752,186.33999633789062,102.35162805214303,146.89827154979093,192.77000427246094,102.47900973699448,73374100,92226600,20858300
2022-11-15,147.953369140625,194.4199981689453,103.84383392333984,151.45400187502815,200.82000732421875,104.20778462010732,146.49395589081533,192.05999755859375,102.6973985999282,150.1030594439155,195.8800048828125,103.54358101965516,89868300,91293800,19373800
2022-11-16,146.72076416015625,186.9199981689453,102.73377990722656,147.7857463571914,192.57000732421875,103.96210726190887,145.24162472759372,185.66000366210938,101.778410330373,147.05604720027458,191.50999450683594,103.21601156232707,64218300,66567600,13591000
2022-11-17,148.62391662597656,183.1699981689453,102.87025451660156,149.3733417806034,186.16000366210938,102.99763620027655,144.1174650466656,180.89999389648438,100.76844979418314,144.3935698429272,183.9600067138672,101.25978212055,80389400,64336000,12425900
2022-11-18,149.1859893798828,180.19000244140625,101.97859191894531,150.57638399086812,185.19000244140625,102.34254259442842,147.88435456599078,176.5500030517578,99.7312039602525,150.1918083587428,185.0500030517578,100.90494124425011,74829600,76048900,15415000
2022-11-21,145.95162963867188,167.8699951171875,100.96864318847656,148.27880988198416,176.77000427246094,101.17791016417551,145.66566926933072,167.5399932861328,97.7931872530057,148.07173876370618,175.85000610351562,100.07696428263479,58724100,92882700,20973000
2022-11-22,148.0914306640625,169.91000366210938,103.88933563232422,148.32809838668408,170.9199981689453,104.15319972731788,144.8866286056601,166.19000244140625,101.38718401010233,146.06995217218372,168.6300048828125,102.09688408681097,51804100,78452300,17719100
2022-11-23,148.9690704345703,183.1999969482422,103.37068939208984,149.71849566611712,183.6199951171875,103.68004293182865,147.26311878314957,172.5,101.99677898836568,147.3715896104273,173.57000732421875,102.19695219256431,58301400,109536700,11546700
2022-11-25,146.05020141601562,182.86000061035156,103.0067367553711,146.80949706533488,185.1999969482422,104.28056053241859,145.07396415260516,180.6300048828125,102.87025439679795,146.24741696157628,185.05999755859375,103.61635008964588,35195900,50672700,7136000
2022-11-28,142.2143096923828,182.9199981689453,99.91316986083984,144.6006525445557,188.5,101.41446196894519,141.38599532318216,179.0,99.74029868018914,143.1215132938763,179.9600067138672,100.68656760322656,69246000,92905200,23015500
2022-11-29,139.2067413330078,180.8300018310547,100.57737731933594,142.79611910491008,186.3800048828125,101.72381941476947,138.39815293017466,178.75,99.89497246711284,142.28334655275705,184.99000549316406,100.64106816120551,83763800,83357100,14453200
2022-11-30,145.97132873535156,194.6999969482422,101.30529022216797,146.6517352342591,194.75999450683594,101.81482399225096,138.595358159877,180.6300048828125,99.8858900908835,139.43352808516767,182.42999267578125,101.48726904783419,111380900,109186400,23158100
2022-12-01,146.24745178222656,194.6999969482422,100.8139419555664,147.05605527210508,198.9199981689453,101.96947773473107,144.5710966759583,191.8000030517578,100.24981813621042,146.1488515092609,197.0800018310547,101.57823202522854,71250400,80046200,14398300
2022-12-02,145.75439453125,194.86000061035156,99.95867156982422,145.94175459663157,196.25,101.64193562272759,143.62443017730817,191.11000061035156,99.35815191818446,143.93013162674256,191.77999877929688,99.64021733415845,65447400,73645900,15248400
2022-12-05,144.59083557128906,182.4499969482422,97.21994018554688,148.82116833526126,191.27000427246094,101.32346984565454,143.74279490633833,180.5500030517578,96.39195926712834,145.71498109956457,189.44000244140625,100.7229502624179,68826400,93122700,19287700
2022-12-06,140.92254638671875,179.82000732421875,94.51760864257812,145.25149381357704,183.64999389648438,97.39281077331886,139.94630895435972,175.3300018310547,93.85340521255713,145.02469664926164,181.22000122070312,96.35555606584413,64727200,92150800,21197000
2022-12-07,138.9799346923828,174.0399932861328,94.30835723876953,141.37613319907325,179.3800048828125,95.40020228666373,138.05300496587287,172.22000122070312,93.14372066987397,140.21255080814953,175.02999877929688,94.42663825406059,69721100,84213300,20061700
2022-12-08,140.66616821289062,173.44000244140625,95.00894927978516,141.52407940202735,175.1999969482422,97.1744517425502,139.1377360156072,169.05999755859375,94.36294019926193,140.380207847569,172.1999969482422,96.70131383397087,62128300,97624500,21128800
2022-12-09,140.18299865722656,179.0500030517578,94.20826721191406,143.54557973820909,182.5,96.40105790364763,138.94051172185388,173.36000061035156,93.98989959862097,140.36048819280174,173.83999633789062,95.16362985868464,76097000,104872300,21298200
2022-12-12,142.48057556152344,167.82000732421875,96.52845764160156,142.4904310742392,177.3699951171875,96.6649400286012,139.09826892356506,167.52000427246094,94.25377433088289,140.71546075742316,176.10000610351562,94.47214892679533,70462700,109794500,20413200
2022-12-13,143.44696044921875,160.9499969482422,97.58390808105469,147.8843792751259,175.0500030517578,98.75764543084766,142.2340701831816,156.91000366210938,97.3746341748417,147.4209143273598,174.8699951171875,98.0843411556191,93886200,175862700,24305300
2022-12-14,141.21836853027344,156.8000030517578,96.8650894165039,144.62038597056736,161.6199951171875,98.53925953063641,139.19687510886934,155.30999755859375,96.21908034836076,143.3286067000526,159.25,98.25719414915696,82291200,140682300,17597300
2022-12-15,134.6016845703125,157.6699981689453,95.9370346069336,139.827980094081,160.92999267578125,96.60123817061188,134.1382196907759,153.27999877929688,94.35385020491596,139.14757356682156,153.44000244140625,95.83694799731931,98931900,122334500,15365100
2022-12-16,132.63937377929688,150.22999572753906,95.26372528076172,135.73570542541242,160.99000549316406,96.06441817326888,131.87022238639204,150.0399932861328,93.83522457419006,134.7890645018001,159.63999938964844,94.34475830808968,160156900,139032200,54596600
2022-12-19,130.5290985107422,149.8699951171875,95.69136047363281,133.31974292728304,155.25,96.62852873637985,129.49371311284926,145.82000732421875,94.97255982992843,133.23099818687768,154.0,95.7732526693872,79592600,139390600,13611100
2022-12-20,130.46009826660156,137.8000030517578,97.07437133789062,131.39688354522443,148.47000122070312,97.82046706430172,128.0836106828586,137.66000366210938,95.60037429419879,129.56275008486864,146.0500030517578,95.69136022341353,77432800,159563300,14680000
2022-12-21,133.5662841796875,137.57000732421875,98.3208999633789,134.9073711645486,141.25999450683594,98.80313166925791,130.90383628158227,135.88999938964844,97.50201960188426,131.13063344213398,139.33999633789062,98.530173862687,85928000,145417400,13565400
2022-12-22,130.39105224609375,125.3499984741211,96.33737182617188,132.68865037286486,136.6300048828125,98.43918363660266,128.4879002839557,122.26000213623047,94.7177986423832,132.48157930219233,136.0,98.16621890014726,77852100,210090300,13213000
2022-12-23,130.02618408203125,123.1500015258789,98.88501739501953,130.5783935868254,128.6199951171875,98.93960756440251,127.83705708332549,121.0199966430664,97.26544424669757,129.0992545361637,126.37000274658203,97.31093374058956,63814900,166989700,11539400
2022-12-27,128.22164916992188,109.0999984741211,100.2589340209961,129.58246208692498,119.66999816894531,100.51369741619986,126.9298699732108,108.76000213623047,99.02150586562186,129.55288050582337,117.5,99.42184536874984,69007800,208643400,11962100
2022-12-28,124.28717041015625,112.70999908447266,98.61206817626953,129.20777268194055,116.2699966430664,100.08606545750357,124.11953639524314,108.23999786376953,98.1753328689441,127.86668551604973,110.3499984741211,100.00418019054851,85438400,221070500,10702100
2022-12-29,127.80750274658203,121.81999969482422,99.35814666748047,128.66539876390968,123.56999969482422,99.83128459985036,125.95365078301222,117.5,98.25720097277012,126.21002952300181,120.38999938964844,98.25720097277012,75703700,221923300,10534000
2022-12-30,128.123046875,123.18000030517578,100.3590316772461,128.14277294659772,124.4800033569336,100.54100356762375,125.657822079017,119.75,98.82134351895904,126.62419645842127,119.94999694824219,98.82134351895904,77034200,157777300,11799600
2023-01-03,123.33064270019531,108.0999984741211,96.91060638427734,129.07955877586164,118.80000305175781,100.10425664472783,122.44315755676651,104.63999938964844,95.98253173798909,128.46818597294893,118.47000122070312,99.88588899809977,112117500,231402800,15146200
2023-01-04,124.60270690917969,113.63999938964844,97.19267272949219,126.87072372434358,114.58999633789062,97.50203328382175,123.34050912530462,107.5199966430664,95.31833581591835,125.1253349737568,109.11000061035156,95.3547315835914,89113600,180389000,18058400
2023-01-05,123.28134155273438,110.33999633789062,99.36725616455078,125.99309725880703,111.75,100.04056042154956,123.02496279365805,107.16000366210938,96.72862236805469,125.36199835089351,110.51000213623047,96.75591745469515,80962700,157986300,15946600
2023-01-06,127.81736755371094,113.05999755859375,100.56827545166016,128.4780480462767,114.38999938964844,101.8966893818874,123.15315196037015,101.80999755859375,99.78578400838121,124.25757880895641,103.0,100.1588353218942,87754700,220911100,16348100
2023-01-09,128.33999633789062,119.7699966430664,98.6939468383789,131.55466910779157,123.5199966430664,101.57824320827636,128.08361757784448,117.11000061035156,98.09342719600497,128.6555533163335,118.95999908447266,101.57824320827636,70790800,190284000,17964600
2023-01-10,128.9119415283203,118.8499984741211,100.16793060302734,129.4345696464241,122.76000213623047,100.38630515460618,126.33823803970584,114.91999816894531,98.2753997484788,128.44847658636624,121.06999969482422,99.89497282622553,63896200,167642500,15104600
2023-01-11,131.633544921875,123.22000122070312,101.33258056640625,131.6532559460779,125.94999694824219,101.40536514649662,128.64568467754964,120.51000213623047,99.25806384374472,129.4246914378982,122.08999633789062,100.98682430840519,69458900,183810800,16710400
2023-01-12,131.55467224121094,123.55999755859375,103.01583862304688,132.39284227281698,124.12999725341797,103.48896960422601,129.6120678053339,117.0,101.66922331359959,132.01813716022232,122.55999755859375,101.74201483125213,71379600,169400900,15357300
2023-01-13,132.88587951660156,122.4000015258789,102.95216369628906,133.04365799858422,122.62999725341797,103.26151728146465,129.82900042275443,115.5999984741211,102.05139108687406,130.19384999657817,116.55000305175781,102.91576793183624,57809700,180714100,12011400
2023-01-17,134.0495147705078,131.49000549316406,102.7519760131836,135.38073158991477,131.6999969482422,103.79833153326605,132.26468844927925,125.0199966430664,102.51540704839891,132.95495069414824,125.69999694824219,103.1887181834183,63646600,186477000,16542200
2023-01-18,133.3296356201172,128.77999877929688,100.64106750488281,136.68234566241608,136.67999267578125,103.83472413615847,133.15213106325567,127.01000213623047,100.44999498052015,134.91724588612811,136.55999755859375,103.05223268870311,69672800,195680300,16399700
2023-01-19,133.38880920410156,127.16999816894531,101.2870864868164,134.3551761664197,129.99000549316406,102.02408157302112,131.90966964997585,124.30999755859375,99.70390902905817,132.21535608370812,127.26000213623047,100.14974496278111,58280400,170291900,12928000
2023-01-20,135.95263671875,133.4199981689453,103.13412475585938,136.10055969629155,133.50999450683594,103.21601695273161,132.3534032973474,127.3499984741211,100.64107415756305,133.3986594670003,128.67999267578125,101.32347905044493,80223600,138858100,16515600
2023-01-23,139.1475830078125,143.75,102.59730529785156,141.32685514540398,145.3800048828125,104.2623679995549,135.9822178760608,134.27000427246094,102.48811801340311,136.19915953850284,135.8699951171875,103.39799122512848,81760300,203119200,16584400
2023-01-24,140.54783630371094,143.88999938964844,103.55266571044922,141.1690797184196,146.5,103.74373824766373,138.34885309206118,141.10000610351562,95.41840409828477,138.35870860544603,143.0,99.32176092310512,66435100,158699100,13583000
2023-01-25,139.8871612548828,144.42999267578125,103.0067367553711,140.44922647148869,146.41000366210938,103.40708315604402,136.87957443059517,138.07000732421875,101.35076792774369,138.93064978868992,141.91000366210938,103.0249381054641,65799300,192734300,11914700
2023-01-26,141.9579620361328,160.27000427246094,107.14665985107422,142.2439224000094,161.4199981689453,107.16485425897106,139.92659771489312,154.75999450683594,104.03488852536124,141.178940100887,159.97000122070312,104.38064475142988,54105100,234815100,21019700
2023-01-27,143.9005126953125,177.89999389648438,105.19044494628906,145.18243632337052,180.67999267578125,107.06478158354139,141.09015728986634,161.1699981689453,104.99027172448895,141.16904651814795,162.42999267578125,106.40967174557075,70555800,306590600,15179200
2023-01-30,141.0113067626953,166.66000366210938,103.3251953125,143.52584706043817,179.77000427246094,105.08125081419705,140.863398823187,166.5,102.95215092126749,142.9440557695909,178.0500030517578,104.71730015661262,64015300,230878800,18672100
2023-01-31,142.2833251953125,173.22000122070312,105.55439758300781,142.33263284521934,174.3000030517578,105.90924759485196,140.30128406034757,162.77999877929688,100.47730318646256,140.71544123571715,164.57000732421875,101.99678984659337,65874500,196813500,27861800
2023-02-01,143.40748596191406,181.41000366210938,104.39884948730469,144.57108343034756,183.80999755859375,106.80091419061519,139.35465851027638,169.92999267578125,103.12502561329902,141.96779872652098,173.88999938964844,105.39061488942956,77663600,213806300,19464900
2023-02-02,148.72254943847656,188.27000427246094,101.13240051269531,149.07752846410273,196.75,104.69910154183121,146.10939403157928,182.61000061035156,99.93136825015849,146.82923768896234,187.3300018310547,104.49892834111155,118339000,217448300,24562100
2023-02-03,152.35134887695312,189.97999572753906,101.8330078125,155.1913011660709,199.0,103.82563236015655,145.77411121969988,183.69000244140625,101.50545290215148,145.97132678498124,183.9499969482422,101.81481340271694,154357300,232662000,20226600
2023-02-06,149.61988830566406,194.75999450683594,101.66014099121094,150.97084596204795,198.1699981689453,102.89756222129425,148.68310295478358,189.9199981689453,100.3772163802607,150.4482178700856,193.00999450683594,102.23335863805863,69858300,186188100,13855200
2023-02-07,152.49928283691406,196.80999755859375,104.56262969970703,153.07121860652774,197.5,104.91747970329797,148.54505515759215,189.5500030517578,101.92399595005035,148.54505515759215,196.42999267578125,102.26065154346462,83322600,186010300,16013300
2023-02-08,149.80722045898438,201.2899932861328,103.65274810791016,152.4302309897519,203.0,105.39060916528311,149.06765083879986,194.30999755859375,103.58905726475822,151.7399690202295,196.10000610351562,104.68090921536707,64120100,180673600,18459700
2023-02-09,148.7718505859375,207.32000732421875,104.04399871826172,152.1837390894266,214.0,105.76365850573954,148.32811173185976,204.77000427246094,103.8893219407552,151.64138491373802,207.77999877929688,104.28966836891946,56007100,215431400,17439300
2023-02-10,149.1372528076172,196.88999938964844,108.4295883178711,149.46316214008027,206.1999969482422,108.84812915971332,147.3694580195322,192.88999938964844,105.69087496526551,147.60648709847575,202.22999572753906,106.00932919908225,57450700,204754100,24918600
2023-02-13,151.94203186035156,194.63999938964844,108.00782775878906,152.34693578344766,196.3000030517578,108.35623757910076,149.04836048379,187.61000061035156,106.26576466683481,149.07798723256394,194.4199981689453,107.93447611392412,62199000,172475500,14536200
2023-02-14,151.3000946044922,209.25,106.74253845214844,151.8630330104811,209.82000732421875,108.01699357696899,148.98911761787627,189.44000244140625,106.37578721586095,150.23348636384839,191.94000244140625,107.28349809959204,61707600,216455700,12079000
2023-02-15,153.4036865234375,214.24000549316406,106.42163848876953,153.57157647071767,214.66000366210938,106.4399729035623,150.98407305919312,206.11000061035156,104.65207016533832,151.21121650909475,211.75999450683594,106.1007337659086,65573800,181006400,13663400
2023-02-16,151.8037567138672,202.0399932861328,106.10990905761719,154.3912596999377,217.64999389648438,107.07262326781432,151.44822068703985,201.83999633789062,105.25721533132909,151.6062249781976,210.77999877929688,105.72481637833971,68167900,229586500,11360600
2023-02-17,150.65814208984375,208.30999755859375,102.02980041503906,151.1025583652421,208.44000244140625,104.697908755343,148.97922778858558,197.5,101.7547422428166,150.46062541961737,199.99000549316406,104.697908755343,59144100,213738500,20758300
2023-02-21,146.63861083984375,197.3699951171875,101.92893981933594,149.42364564911486,209.7100067138672,103.03835716119137,146.5694867858314,197.22000122070312,101.59886442892633,148.33728134701136,204.99000549316406,101.59886442892633,58867200,180018600,14469400
2023-02-22,147.0633087158203,200.86000061035156,100.60865020751953,148.0904046122651,201.99000549316406,101.7455727220323,145.3350111943411,191.77999877929688,99.6092532831188,147.02379633351947,197.92999267578125,101.29630613887126,51011300,191828500,13973800
2023-02-23,147.5472412109375,202.07000732421875,101.5346908569336,148.47558640924544,205.13999938964844,102.53408780461349,145.41403945071286,196.3300018310547,100.76451955357487,148.2286867318044,203.91000366210938,101.52552714751126,48394200,146360000,11289400
2023-02-24,144.8905792236328,196.8800048828125,101.54385375976562,145.36462227322275,197.6699981689453,101.7363965708119,143.91285130614398,192.8000030517578,99.95765775181647,145.28561258669828,196.3300018310547,100.24189361162551,55469600,142228100,14351000
2023-02-27,146.08560180664062,207.6300048828125,101.36048126220703,147.32010021469048,209.4199981689453,102.01146133376959,145.62142919964901,201.25999450683594,100.81952165642,145.87821451304222,202.02999877929688,101.589699892836,44998500,161028300,11710500
2023-02-28,145.58189392089844,205.7100067138672,100.77369689941406,147.23118155565606,211.22999572753906,102.10316235386394,145.00908500057525,203.75,100.14105114767798,145.22635786930326,210.58999633789062,101.99313487676247,50547000,153144900,18107000
2023-03-01,143.50791931152344,202.77000427246094,101.67221069335938,145.4041064076396,207.1999969482422,102.56158005964103,143.21163678129003,198.52000427246094,100.15936639985328,145.00907308036537,206.2100067138672,100.22354733375003,55479000,156852800,13200000
2023-03-02,144.10049438476562,190.89999389648438,102.13982391357422,144.89057616376812,193.75,102.41488207511244,142.1154118429578,186.00999450683594,101.01206516519468,142.5894699520932,186.74000549316406,101.4246629002983,52238100,181500700,10339900
2023-03-03,149.1570281982422,197.7899932861328,103.43260955810547,149.23603790139376,200.47999572753906,103.94606403211714,145.5029160774519,192.8800048828125,100.81034794239372,146.2041027048871,194.8000030517578,100.90204098806538,70732300,154193300,13006700
2023-03-06,151.9222869873047,193.80999755859375,104.34949493408203,154.36165661510182,198.60000610351562,104.37700005257267,151.55688034550414,192.3000030517578,102.57076298477381,151.88277460629178,198.5399932861328,102.68078345873634,87558000,128100100,14347400
2023-03-07,149.7199249267578,187.7100067138672,102.33236694335938,152.11978182875635,194.1999969482422,103.76268897296032,149.25575246867027,186.10000610351562,101.92893991133961,151.79387254523385,191.3800048828125,103.43261358225278,56182000,148125800,11525300
2023-03-08,150.97418212890625,182.0,100.83787536621094,151.56674727343432,186.5,103.07504471734578,149.9470862905562,180.0,100.00351609123646,150.91492862836495,185.0399932861328,101.98396865917697,47204800,151897800,13509800
2023-03-09,148.7224578857422,172.9199981689453,100.05851745605469,152.62346903568368,185.17999267578125,102.90083416666727,148.3669218148619,172.50999450683594,99.96683139978926,151.65562670311525,180.25,101.65388421490371,53833600,170023800,12961200
2023-03-10,146.65838623046875,173.44000244140625,98.82074737548828,149.06812912915592,178.2899932861328,101.80976065435895,145.77942411442874,168.44000244140625,98.24311887175492,148.3471863994858,175.1300048828125,100.45278311207953,68572400,191488900,15795700
2023-03-13,148.60397338867188,174.47999572753906,97.68383026123047,151.24086003469367,177.35000610351562,98.8941045715932,145.86832084762136,163.91000366210938,95.09824391658286,145.97695730432906,167.4600067138672,96.58357643668333,84457100,167790300,20745600
2023-03-14,150.69764709472656,183.25999450683594,98.05057525634766,151.49759944522177,183.8000030517578,99.94850546229829,148.23853654610156,177.13999938964844,96.23516040947396,149.4038955086608,177.30999755859375,97.50961558667181,73695900,143717900,18263500
2023-03-15,151.0927276611328,180.4499969482422,93.17279815673828,151.34949789320206,182.33999633789062,95.5383292775778,148.06079247647403,176.02999877929688,91.88917233441731,149.31504702106903,180.8000030517578,94.27304486432885,77167900,145995600,25733800
2023-03-16,153.91725158691406,184.1300048828125,92.6318359375,154.51968735037045,185.80999755859375,93.22780580221189,149.7594547490333,178.83999633789062,89.87204154550044,150.27301025301884,180.3699951171875,90.87143845620766,76161100,121136800,27465200
2023-03-17,153.07778930664062,180.1300048828125,91.54076385498047,154.79621636647911,186.22000122070312,93.16363594102602,152.36671707978053,177.3300018310547,90.89895438293898,154.1443976469308,184.52000427246094,92.23759056405308,98944600,133197100,43199500
2023-03-20,155.447998046875,183.25,93.93378448486328,155.8628026785515,186.44000244140625,93.96129659429367,152.23830291826783,176.35000610351562,91.22900765888465,153.14690680049927,178.0800018310547,91.34819881896206,73641400,129684400,32042100
2023-03-21,157.30470275878906,197.5800018310547,98.14225769042969,157.42320976774403,198.0,98.36230563502761,154.59867718770118,188.0399932861328,95.47414925578744,155.36901795458434,188.27999877929688,95.51082507908677,73938300,153391400,31592300
2023-03-22,155.8726806640625,191.14999389648438,95.89591217041016,160.12922799549253,200.66000366210938,98.27062104950218,155.85292447362312,190.9499969482422,95.8684070513223,157.32445173541882,199.3000030517578,97.9222112157257,75701800,150376400,14952700
2023-03-23,156.95904541015625,192.22000122070312,94.81400299072266,159.54656410725272,199.30999755859375,97.50043877533051,155.72454710395584,188.64999389648438,93.92463353531426,156.86029458739586,195.25999450683594,96.60190561073078,67622100,144193900,14385900
2023-03-24,158.26266479492188,190.41000366210938,94.92401885986328,158.35154504613158,192.36000061035156,95.2174184293098,155.8924343453171,187.14999389648438,92.52181207101911,156.88990343786057,191.64999389648438,93.03525956875114,59196500,116312400,13401600
2023-03-27,156.31710815429688,191.80999755859375,97.00532531738281,158.77623413977568,197.38999938964844,97.62880025988567,155.91218910395636,189.94000244140625,95.2724330645082,157.9565254779494,194.4199981689453,96.03343358644767,52390300,120851600,14805900
2023-03-28,155.6949005126953,189.19000244140625,98.21561431884766,156.52449472162644,192.35000610351562,98.70155676061577,154.04561279409856,185.42999267578125,96.44604597728551,156.01093927220384,192.0,96.6752646381345,45992200,98654600,11047600
2023-03-29,158.7761993408203,193.8800048828125,99.90265655517578,159.05272568787126,195.2899932861328,100.08603567409091,157.37381141804607,189.44000244140625,98.55484976074162,157.39355253600993,193.1300048828125,99.07746800805302,51305700,123660000,14219100
2023-03-30,160.34649658203125,195.27999877929688,100.38860321044922,160.45513302219786,197.3300018310547,100.4619548611073,159.27001781009866,194.4199981689453,99.49923368301552,159.5267880006936,195.5800018310547,100.44362044604199,49501700,110252200,11578200
2023-03-31,162.85501098632812,207.4600067138672,100.54447174072266,162.95377687892702,207.7899932861328,101.01207274900355,159.90210067407045,197.1999969482422,99.98517767651401,160.42552675181378,197.52999877929688,100.56280615478939,68749800,170222100,14418000
2023-04-03,164.10928344726562,194.77000427246094,106.47664642333984,164.2277904757052,202.69000244140625,107.13679726476185,162.18346888731705,192.1999969482422,103.71685887128139,162.23285183902058,199.91000366210938,103.96441193921557,56976200,169545900,28087700
2023-04-04,163.57598876953125,192.5800018310547,105.45890808105469,164.770974839882,198.74000549316406,106.99925761096712,163.06243319068332,190.32000732421875,104.67956610950564,164.53396078007623,197.32000732421875,106.59583756410275,46278300,126463800,16365500
2023-04-05,161.72914123535156,185.52000427246094,107.2651596069336,163.00315186770885,190.67999267578125,107.27433031176959,159.79345641920935,183.75999450683594,104.80793535075351,162.69699871298138,190.52000427246094,105.76148579294858,51511700,133882500,16479500
2023-04-06,162.6179656982422,185.05999755859375,105.48641967773438,162.9142482495303,186.38999938964844,107.43935994915175,159.99095018347427,179.74000549316406,105.22968892800645,160.41561028699388,183.0800018310547,107.1459603732318,45390100,123857900,15778000
2023-04-10,160.02059936523438,184.50999450683594,105.01880645751953,160.02059936523438,185.10000610351562,106.52248008346056,158.09478511621296,176.11000061035156,104.67956037299483,159.41816361866267,179.94000244140625,105.23885437967748,47716900,142154600,13006600
2023-04-11,158.8058624267578,186.7899932861328,105.761474609375,160.34651387560373,189.19000244140625,106.54081655326705,158.5194503856298,185.64999389648438,104.87210520468037,160.33664331436313,186.69000244140625,105.40389410576338,47644200,115770900,11758500
2023-04-12,158.11451721191406,180.5399932861328,105.65145111083984,160.05020172687142,191.5800018310547,106.89839398815272,157.798478475848,180.30999755859375,105.37638596432836,159.22062264903255,190.74000549316406,106.50414467078872,50133100,150256300,10919000
2023-04-13,163.5068359375,185.89999389648438,106.14656829833984,163.74386504702863,186.5,106.25659576750641,159.4181779828813,180.94000244140625,104.64289452905345,159.62558033741385,182.9600067138672,105.07382670595833,68445600,112933000,12399700
2023-04-14,163.16116333007812,185.0,106.40328979492188,164.25739832506682,186.27999877929688,106.96258380622292,161.78840194622364,182.00999450683594,105.5505962199217,162.5488419808256,183.9499969482422,106.2657572192385,49386500,96438700,11530800
2023-04-17,163.180908203125,187.0399932861328,105.16551208496094,163.33892759169828,189.69000244140625,106.8250598402858,161.99579292794192,182.69000244140625,104.90878832043279,163.04264500551295,186.32000732421875,105.88984384642133,41516200,116662200,13260400
2023-04-18,164.40553283691406,184.30999755859375,107.21931457519531,165.33387789076258,187.69000244140625,107.46686763148747,163.5956947875371,183.5800018310547,104.79876626728101,164.04012619342146,187.14999389648438,104.88128162097912,49923000,92067000,17436100
2023-04-19,165.55111694335938,180.58999633789062,106.88007354736328,166.0745428655417,183.5,107.18264384903804,163.48702493013786,177.64999389648438,106.14657105758171,163.7438101467552,179.10000610351562,106.43080694485111,47720200,125732700,10682600
2023-04-20,164.58331298828125,162.99000549316406,106.02738189697266,165.78818457608216,169.6999969482422,106.06405772168064,163.50683405035483,160.55999755859375,103.81771767110342,164.03026014199096,166.1699981689453,105.55977387594373,52456400,210970800,17038700
2023-04-21,162.9735107421875,165.0800018310547,106.36662292480469,164.38576938158798,166.0,107.16429933952999,162.45008473615934,161.32000732421875,105.67896698372536,163.00313749199609,164.8000030517578,106.80671880978458,58337300,123539000,14315300
2023-04-24,163.27967834472656,162.5500030517578,108.37457275390625,163.54633418620037,165.64999389648438,109.00721845371366,161.85753394961128,158.61000061035156,106.24742400426742,162.95376899838274,164.64999389648438,106.28409982695749,41949600,140006600,15831300
2023-04-25,161.739013671875,160.6699981689453,106.83422088623047,164.2475072794641,163.47000122070312,107.95280897110082,161.69950129216383,158.75,106.01820308566722,163.1414017604714,159.82000732421875,107.77860756105551,48714100,121999300,12179800
2023-04-26,161.72914123535156,153.75,105.8531723022461,163.23029532612622,160.6699981689453,107.35684612257423,160.78105501874768,153.13999938964844,105.14718192125717,161.0378252295865,160.2899932861328,106.38496126180557,45498800,153364100,15566100
2023-04-27,166.3214874267578,160.19000244140625,107.11845397949219,166.46962119212645,160.47999572753906,107.28349167618032,163.14141866066578,152.3699951171875,105.33054443283793,163.14141866066578,152.63999938964844,106.00903662766554,64902300,127015200,16279200
2023-04-28,167.57571411132812,164.30999755859375,108.50292205810547,167.74361912541863,165.0,109.95158540804424,165.79804878354395,157.32000732421875,107.11844663683212,166.40048449959994,160.89999389648438,107.50353223764203,55275900,122515800,24381900
2023-05-01,167.48684692382812,161.8300018310547,105.13800048828125,168.33618234272492,163.27999877929688,107.54938497479647,166.54863124552048,158.8300018310547,104.93628697281028,167.180693761707,163.1699981689453,106.34827458590956,52472900,109015000,17355000
2023-05-02,166.44984436035156,160.30999755859375,100.94788360595703,168.237410301642,165.49000549316406,104.4686854125713,165.46224586153255,158.92999267578125,100.20521748062323,167.98062504743248,161.8800048828125,104.4686854125713,48425700,128259700,24324100
2023-05-03,165.3733673095703,160.61000061035156,98.95829010009766,168.80033534118735,165.0,100.68201207790813,165.08697037258037,159.91000366210938,98.80242307451246,167.3979472668269,160.00999450683594,100.01269744088984,65136000,119728000,16212300
2023-05-04,163.73394775390625,161.1999969482422,97.22538757324219,164.96844587189068,162.9499969482422,99.71011700587277,162.27230620168868,159.64999389648438,97.10619638842611,162.8451151367803,162.7100067138672,98.93077496164815,81235400,95108500,17177200
2023-05-05,171.41748046875,170.05999755859375,99.64592742919922,172.13842316096267,170.7899932861328,100.33358334898247,168.64231599957478,163.50999450683594,98.59152028649201,168.85958887715515,163.97000122070312,99.52673625470798,113453200,107607300,14968200
2023-05-08,171.3483428955078,171.7899932861328,100.04017639160156,171.6940084046762,173.8000030517578,101.74556350650552,169.97558155808977,169.19000244140625,99.97599545696312,170.34098818753938,173.72000122070312,101.31463137599147,55962800,112249400,11187800
2023-05-09,169.6398162841797,169.14999389648438,100.06768798828125,171.38785496168964,169.82000732421875,101.06708488689095,169.47192632998963,166.55999755859375,99.21499437560232,170.9039412906591,168.9499969482422,99.33418554902279,45326900,88965000,11370800
2023-05-10,171.4075927734375,168.5399932861328,98.78406524658203,171.87176527271458,174.42999267578125,100.8653744595666,169.76817565129102,166.67999267578125,97.83968554883398,170.87429621552187,172.5500030517578,100.61781440576594,53724500,119840700,14884800
2023-05-11,171.59524536132812,172.0800018310547,96.99617004394531,172.42482451357537,173.57000732421875,97.94054981402878,170.03483786854437,166.7899932861328,96.20765728548372,171.6940112425966,168.6999969482422,97.63797950074036,49514700,103889900,17165900
2023-05-12,170.6656036376953,167.97999572753906,96.98699188232422,172.13915102119938,177.3800048828125,98.11475069278752,169.1129221963601,167.22999572753906,96.07011730299395,171.70400424552835,176.07000732421875,97.4729342901376,45533100,157849600,12613300
2023-05-15,170.17112731933594,166.35000610351562,97.17195892333984,171.29854623618587,169.75999450683594,97.96731386981222,169.57774258819362,164.5500030517578,96.71879386738637,171.2490949935239,167.66000366210938,97.57888667899495,37266700,105592500,13715600
2023-05-16,170.17112731933594,166.52000427246094,94.81363677978516,171.229311478379,169.52000427246094,96.9314998517683,169.90410268128184,164.35000610351562,94.3512214467556,170.0920083491569,165.64999389648438,96.76503004964172,42110300,98288800,14795200
2023-05-17,170.7843017578125,173.86000061035156,96.94075012207031,171.02164360752573,174.5,97.31993408193863,168.53934785672587,167.19000244140625,95.11883258121588,169.81512066054435,168.41000366210938,95.61824198753371,57951600,125473600,14064700
2023-05-18,173.1182861328125,176.88999938964844,97.8193359375,173.30619185371427,177.05999755859375,97.94881872150339,170.67554194189896,172.4499969482422,96.30261421749576,171.09090533475324,174.22000122070312,96.69104845770991,65496700,109520300,12005600
2023-05-19,173.22705078125,180.13999938964844,98.27250671386719,174.44347306887536,181.9499969482422,99.0031237731026,173.00947735219142,176.30999755859375,97.86557897052141,174.44347306887536,177.1699981689453,98.55920195709831,55809500,136196700,13359600
2023-05-22,172.2776336669922,188.8699951171875,97.0794677734375,172.78201528070161,189.32000732421875,98.9938668048541,171.5359102025042,180.11000061035156,96.99622935160335,172.06006024351018,180.6999969482422,97.88406586774899,43570900,132001400,12882000
2023-05-23,169.666748046875,185.77000427246094,98.40198516845703,171.46667068919274,192.9600067138672,100.08517671364822,169.38983919273392,185.25999450683594,97.8008438189106,171.21942956296672,186.1999969482422,98.02280120511764,50747300,156952100,14394400
2023-05-24,169.94366455078125,182.89999389648438,99.50252532958984,170.51726580029353,184.22000122070312,100.35337488223027,168.6382391925545,178.22000122070312,98.70717746934635,169.20194113871563,182.22999572753906,99.30831174158759,45143500,137605100,16340300
2023-05-25,171.08096313476562,184.47000122070312,97.71762084960938,171.98090930239354,186.77999877929688,98.42973742555851,169.79530635049753,180.5800018310547,96.83902739981387,170.50736195131066,186.5399932861328,97.9765723317727,56058300,96870700,14316500
2023-05-26,173.49404907226562,193.1699981689453,97.0794677734375,173.83030849826073,198.60000610351562,98.91062838301994,171.19965909306288,184.52999877929688,96.94999205582651,171.40734829469508,184.6199951171875,98.46671365289583,54835000,162061500,12370300
2023-05-30,175.3434295654297,201.16000366210938,96.2193832397461,177.01478218217846,204.47999572753906,96.29337138636657,174.62148962052487,197.52999877929688,94.89687510647168,175.00718521743593,200.10000610351562,95.52576024094968,55964400,128818700,11938000
2023-05-31,175.29396057128906,203.92999267578125,94.49920654296875,177.3707920923561,203.9499969482422,95.29456155434052,174.80936252559982,195.1199951171875,94.09227875410913,175.37307954346696,199.77999877929688,94.60093849018365,99625300,150711700,24926100
2023-06-01,178.1026153564453,207.52000427246094,95.59049987792969,178.13228308457525,209.8000030517578,97.64362512138457,174.97748387661747,199.3699951171875,93.6483568564636,175.73899077622127,202.58999633789062,94.10152191509611,68901800,148029900,13551900
2023-06-02,178.95314025878906,213.97000122070312,97.8100814819336,179.77398268262323,217.25,98.15226427154258,177.2817876805341,209.75,96.67253679457856,179.03225923715402,210.14999389648438,97.25518456005923,61996900,164398400,14112000
2023-06-05,177.59825134277344,217.61000061035156,97.37541961669922,182.908986017055,221.2899932861328,99.13259925622891,176.0752375225132,214.52000427246094,97.19044925386048,180.61459616435278,217.8000030517578,99.13259925622891,121946500,151143100,10628000
2023-06-06,177.2323760986328,221.30999755859375,98.1707763671875,178.1323225352186,221.91000366210938,98.28175153106157,175.47200499411858,212.52999877929688,96.16389552028707,177.9839838617166,216.13999938964844,96.32111503970737,64848400,146911600,12209800
2023-06-07,175.85768127441406,224.57000732421875,100.37187957763672,179.21027045240393,230.8300018310547,100.70481921014849,175.36319900574063,223.1999969482422,98.70718847097645,176.47083445864072,228.0,98.7626760577622,61944600,185710800,16027100
2023-06-08,178.57736206054688,234.86000061035156,100.05744171142578,178.8443716628685,235.22999572753906,100.93602810693173,175.50168125821915,223.00999450683594,97.93957843428441,175.93681304769265,224.22000122070312,100.5938381872185,50214900,164489700,13517100
2023-06-09,178.96304321289062,244.39999389648438,99.31756591796875,180.21901740774703,252.4199981689453,100.44586047375459,178.63668307937917,242.02000427246094,99.10485881339162,179.4970774647442,249.07000732421875,100.30713446091406,48900000,200242400,12251600
2023-06-12,181.7617950439453,249.8300018310547,98.42047119140625,181.86069753893617,250.97000122070312,99.0123622135374,178.97292275194738,244.58999633789062,97.62511630743673,179.26961514651788,247.94000244140625,97.85632395845352,54274900,150337900,14112000
2023-06-13,181.287109375,258.7099914550781,98.43897247314453,182.11783606754224,259.67999267578125,100.1961449889769,180.42671494989577,251.33999633789062,98.29099618858312,180.7827428310429,253.50999450683594,99.30830844930122,54929100,162384300,13533800
2023-06-14,181.9200439453125,256.7900085449219,97.25518798828125,182.35519080481038,261.57000732421875,99.98343539960693,180.0113494184458,250.5,96.5430644844576,181.3464426387383,260.1700134277344,99.37304382490096,57462900,170575500,16627700
2023-06-15,183.95729064941406,255.89999389648438,97.93031311035156,184.46167222814515,258.95001220703125,98.9846194453915,181.75190392659053,247.2899932861328,97.51414215658757,181.92992539273135,248.39999389648438,97.56962973551673,65433200,160171200,16224100
2023-06-16,182.87933349609375,260.5400085449219,97.2274398803711,184.92649747799743,263.6000061035156,98.74416152240181,182.2365125370702,257.2099914550781,97.07022036945393,184.66935702206612,258.9200134277344,98.36498463984294,101256200,167915600,43128900
2023-06-20,182.9683380126953,274.45001220703125,94.99859619140625,184.0463209118931,274.75,96.89449460465578,182.37496829785866,261.1199951171875,94.44369926694047,182.37496829785866,261.5,96.81126324113966,49799100,165611200,17514100
2023-06-21,181.929931640625,259.4599914550781,96.06216430664062,183.36392727035516,276.989990234375,96.76503053613267,180.57503989811684,257.7799987792969,94.6379242270414,182.85954567430247,275.1300048828125,94.79514374764635,49515700,211797100,13285700
2023-06-22,184.93638610839844,264.6099853515625,95.53500366210938,184.98583735805877,265.0,96.08065032847753,181.6431320743364,248.25,94.93386236181237,181.7123668419414,250.77000427246094,95.1095753775441,51245300,166875900,12455300
2023-06-23,184.61990356445312,256.6000061035156,94.7026596069336,185.49019723798705,262.45001220703125,95.09108678502413,182.96833449974372,252.8000030517578,93.98129283165179,183.5023838322858,259.2900085449219,94.8783726317472,53117000,177460800,17933600
2023-06-26,183.2254638671875,241.0500030517578,96.4505844116211,185.97478407089304,258.3699951171875,97.02398192547368,183.18589683511047,240.6999969482422,94.51768478272439,184.76824612936457,250.07000732421875,94.51768478272439,48088700,179990600,14283400
2023-06-27,185.9846649169922,250.2100067138672,96.69104766845703,186.31102501891434,250.38999938964844,96.7465352497927,183.62104032161758,240.85000610351562,95.50725850474518,183.838613722899,243.24000549316406,96.2286323415986,50730800,164968200,13227500
2023-06-28,187.16156005859375,256.239990234375,97.4771499633789,187.80438104509085,259.8800048828125,97.86557713516196,185.52977442185306,248.88999938964844,95.44251834070516,185.8561194768788,249.6999969482422,96.46908090605878,51216800,159770800,13084100
2023-06-29,187.497802734375,257.5,98.6794204711914,187.97251662731944,260.739990234375,98.7071713156598,186.85498175364998,253.61000061035156,97.22743673683054,186.99343619982474,258.0299987792969,97.71760287320875,46347300,131283400,11364400
2023-06-30,191.82948303222656,261.7699890136719,99.18810272216797,192.33384959396255,264.45001220703125,99.77074358265007,189.14938206989527,259.8900146484375,98.78117491465089,189.5153092683974,260.6000061035156,99.25284059555487,85213200,112620800,13544700
2023-07-03,190.3361358642578,279.82000732421875,99.3823013305664,191.74046380244184,284.25,100.30713198548241,189.64384856353968,275.1099853515625,99.021617939621,191.64156130508144,276.489990234375,99.41004512127022,31458200,119685900,7397000
2023-07-05,189.21859741210938,282.4800109863281,98.8736572265625,190.8503829545932,283.8500061035156,99.80773118829597,188.51642591121868,277.6000061035156,98.12453953349787,189.45595434700246,278.82000732421875,99.53952942854427,46920300,131530900,12491200
2023-07-06,189.6933135986328,276.5400085449219,95.18357849121094,189.90100282202306,279.9700012207031,97.77310739710084,187.11211517011608,272.8800048828125,94.73041340224472,187.74505196417672,278.0899963378906,97.19045951253138,45094300,120332100,17961400
2023-07-07,188.5757598876953,274.42999267578125,95.40554809570312,190.54380484505052,280.7799987792969,96.18240257583024,188.14062814608695,273.7699890136719,93.92581318058654,189.29771490007704,278.42999267578125,94.25875283089788,46815000,113879200,21929200
2023-07-10,186.52859497070312,269.6099853515625,96.82051086425781,187.89337080979294,277.5199890136719,96.87599843841186,184.97591346212693,265.1000061035156,95.02633737037536,187.17141585961895,276.4700012207031,95.2298012168029,59922200,119425400,14877600
2023-07-11,186.0044708251953,269.7900085449219,98.0042953491211,187.21100889013437,270.8999938964844,98.18001541300832,184.54080738706045,266.3699951171875,96.93148851513175,187.07255444450544,268.6499938964844,97.347666499723,46638100,91972400,12576500
2023-07-12,187.67581176757812,271.989990234375,98.4852066040039,189.584506155405,276.5199890136719,99.55801346489231,186.39015480100775,271.4599914550781,98.1522670303418,187.58679348705417,276.3299865722656,98.9568721760081,60750200,95672100,13238200
2023-07-13,188.4373016357422,277.8999938964844,96.68179321289062,189.0801376574393,279.45001220703125,98.24475920809228,187.6856939986458,270.6000061035156,95.55349873511648,188.39774969290625,274.5899963378906,98.00430127285411,41342300,112681500,26826800
2023-07-14,188.58566284179688,281.3800048828125,93.35240173339844,189.07024584013215,285.29998779296875,96.22862542417141,187.53736277551775,276.30999755859375,92.97321780580128,188.13073248396137,277.010009765625,96.22862542417141,41616200,120062400,28181900
2023-07-17,191.8492431640625,290.3800048828125,93.75933074951172,192.17560328436687,292.2300109863281,94.02753249041946,189.69329254549467,283.57000732421875,92.68653084177878,189.7822957354681,286.6300048828125,93.14894617660633,50520200,131569600,18051300
2023-07-18,191.5921173095703,293.3399963378906,93.33390808105469,192.185502135392,295.260009765625,94.51769019142257,190.296576033276,286.010009765625,92.79750460732613,191.21632100425936,290.1499938964844,93.33390808105469,48288200,112120300,24617800
2023-07-19,192.94699096679688,291.260009765625,93.98129272460938,196.04243976648678,299.2900085449219,94.70265949906957,190.5240157315845,289.5199890136719,93.22293187762587,190.9690618542327,296.0400085449219,93.45413953897325,80507300,142355400,15556500
2023-07-20,190.9987335205078,262.8999938964844,95.6367416381836,194.3018715848771,280.92999267578125,95.86794930246015,190.3756810082794,261.20001220703125,94.6656666258629,192.9370956401489,279.55999755859375,94.83213642637793,59581200,175158300,15740200
2023-07-21,189.82186889648438,260.0199890136719,96.08065795898438,192.8184304455329,268.0,96.53382301265714,189.11969738642375,255.8000030517578,95.49801717569082,191.95803606721273,268.0,96.33036619175166,71951700,161796100,17121500
2023-07-24,190.6229248046875,269.05999755859375,97.58812713623047,192.759091941705,269.8500061035156,98.18002524397694,190.1284425094743,254.1199951171875,96.14539357933683,191.27564505606543,255.85000610351562,96.51532725071667,45377800,136508500,15090900
2023-07-25,191.48330688476562,265.2799987792969,97.7361068725586,192.29426504028103,272.8999938964844,98.11528378356377,190.7910347339605,265.0,96.68180045829305,191.19651381171818,272.3800048828125,97.16270930891142,37283200,112757300,14116100
2023-07-26,192.35360717773438,264.3500061035156,97.1904525756836,193.48102617402893,268.0400085449219,97.7731004186673,191.18663623876353,261.75,96.77428159289362,191.53276478098633,263.25,97.20895314054873,47471900,95856200,15159600
2023-07-27,191.08773803710938,255.7100067138672,97.49563598632812,195.02381285425056,269.1300048828125,98.94761968395562,190.42513357699178,255.3000030517578,96.86675092300491,193.85684188907683,268.30999755859375,98.03203940478853,47460200,103697300,17677900
2023-07-28,193.66893005371094,266.44000244140625,96.33036041259766,194.46010471349214,267.25,97.25519102920448,191.9975775461535,258.2300109863281,94.62866840897432,192.52172755154825,259.8599853515625,97.20894667601507,48291400,111446000,17566400
2023-07-31,194.28208923339844,267.42999267578125,99.17884826660156,194.32165626732748,269.0799865722656,99.7522458752648,193.10521896564188,263.7799987792969,97.28294945093695,193.8963936498011,267.4800109863281,97.28294945093695,38824100,84582200,24197000
2023-08-01,193.4513702392578,261.07000732421875,98.6054458618164,194.55900578654655,266.4700012207031,99.25282449064076,193.12501010327395,260.25,97.59737679019234,194.074422779809,266.260009765625,98.91063461203483,35175100,83166000,14177400
2023-08-02,190.4547882080078,254.11000061035156,97.37541961669922,193.02608689409655,259.5199890136719,98.3834816345533,189.73284833699685,250.49000549316406,96.70954042227552,192.887632465541,255.57000732421875,98.27250647274795,50389300,101752900,13484100
2023-08-03,189.0603485107422,259.32000732421875,99.06786346435547,190.2471029357017,260.489990234375,99.7707296901434,188.58564975883863,252.0,97.38467193477192,189.4559433793295,252.0399932861328,97.93031864078344,61235200,97569100,16280400
2023-08-04,179.98167419433594,253.86000061035156,99.3453140258789,185.312192820491,264.7699890136719,101.02850565026293,179.91243942847825,253.11000061035156,99.26208264809708,183.47271804853088,260.9700012207031,99.84472346026516,115956800,99539900,14279600
2023-08-07,176.87632751464844,251.4499969482422,99.14183807373047,181.10909486166798,253.64999389648438,100.27013254123031,175.39288059142936,242.75999450683594,98.50370975403277,180.1201302461886,251.4499969482422,99.78922373103077,97576100,111097900,12410800
2023-08-08,177.8158416748047,249.6999969482422,99.63201904296875,178.2806562533865,250.9199981689453,99.65051255323243,175.6203390114105,245.00999450683594,96.95925170440661,177.7070549630004,247.4499969482422,98.06905282948989,67823000,96642200,14065600
2023-08-09,176.22360229492188,242.19000244140625,101.3244400024414,178.93335560733482,251.10000610351562,102.11979489644847,175.05661623443876,241.89999389648438,100.16840173276806,178.87402014653773,250.8699951171875,100.53833539024306,60378500,101596300,19919600
2023-08-10,176.0060272216797,245.33999633789062,101.84235382080078,178.7553475423464,251.8000030517578,103.23884302346222,175.64011515660735,243.0,101.21346869593081,177.49935830249015,245.39999389648438,101.90709168413012,54686900,109498600,15837200
2023-08-11,176.0654296875,242.64999389648438,103.42381286621094,176.88738049769475,243.7899932861328,103.64577024566523,174.8374673630278,238.02000427246094,101.77761544478729,175.60000259117115,241.77000427246094,102.07356096935898,52036700,99038600,14047000
2023-08-14,177.71923828125,239.75999450683594,103.50703430175781,177.94700304207137,240.66000366210938,103.56252893321779,175.59008429106805,233.75,102.4527280306819,176.2436858942371,235.6999969482422,103.28507694360952,43675600,98595300,12973400
2023-08-15,175.72874450683594,232.9600067138672,100.84968566894531,177.73905244130324,240.5,103.3671952317961,175.3326305229056,232.61000061035156,100.67252511196149,177.1448814654077,238.72999572753906,103.26462934235694,43622600,88197600,14909600
2023-08-16,174.8572998046875,225.60000610351562,99.15267181396484,176.80817714322055,233.97000122070312,101.94058834203804,174.78797154296882,225.3800048828125,99.09672937986899,175.41186545531423,228.02000427246094,100.96155306293386,46964900,112484500,13695100
2023-08-17,172.3122100830078,219.22000122070312,101.07344055175781,175.78815784652573,226.74000549316406,102.70516120190327,171.79724982185638,218.8300018310547,100.15967385763186,175.42175166053434,226.05999755859375,100.15967385763186,66062900,120718400,16709500
2023-08-18,172.7974853515625,215.49000549316406,102.60260772705078,173.4015690710498,217.5800018310547,102.75178993393868,170.29202708322546,212.36000061035156,100.34617260561632,170.62872552076746,214.1199951171875,100.36481771382542,61172200,136276600,16224000
2023-08-21,174.1343536376953,231.27999877929688,101.36251068115234,174.4215491084137,232.1300048828125,103.47908996779911,172.05473264129324,220.5800018310547,100.83103610989438,173.37183349440417,221.5500030517578,102.90099194965883,46311900,135702700,11092400
2023-08-22,175.51089477539062,233.19000244140625,100.79373168945312,175.95652682942284,240.82000732421875,102.3042416291388,174.54040484048784,229.5500030517578,100.65386847237762,175.34254555990208,240.25,101.79141220444154,42038900,130442800,10518800
2023-08-23,179.36314392089844,236.86000061035156,99.90792846679688,179.78898080878903,238.97999572753906,100.04779166328782,176.60021337314086,229.2899932861328,98.5745792725601,176.78837280424742,229.33999633789062,99.80536259695269,52722800,101077600,11435600
2023-08-24,174.6691131591797,230.0399932861328,99.1620101928711,179.34333021614268,238.9199981689453,100.48603346436252,174.3026918957578,228.17999267578125,98.90093598313912,178.91749337237624,238.66000366210938,99.22727874530409,54945800,99777400,10818500
2023-08-25,176.8774871826172,238.58999633789062,100.93358612060547,177.41224254469248,239.0,101.56762648424979,174.1145567754665,230.35000610351562,99.41375731548573,175.6594223889941,231.30999755859375,100.16900866271715,51449600,106612200,13579300
2023-08-28,178.44216918945312,238.82000732421875,101.78207397460938,178.83828316683332,244.3800048828125,102.60259378534597,176.8180777049469,235.35000610351562,101.11073635048972,178.34313313971825,242.5800018310547,101.12005534645881,43820700,107673700,10382100
2023-08-29,182.33404541015625,257.17999267578125,102.38813781738281,183.10647826164347,257.4800109863281,102.58394344237645,177.7588638881504,237.77000427246094,101.09208598023145,177.95692088146865,238.5800018310547,102.24828173791414,53003900,134047600,9665000
2023-08-30,185.82981872558594,256.8999938964844,103.38583374023438,186.0278908459401,260.510009765625,103.62826283740502,182.9480567481202,250.58999633789062,102.54666868202736,183.14611375769312,254.1999969482422,102.9755773224132,60813900,121988400,11922100
2023-08-31,186.0476837158203,258.0799865722656,103.67487335205078,187.2855588991337,261.17999267578125,103.88932408863288,185.66146726305777,255.0500030517578,103.14339889504868,186.01797592028328,255.97999572753906,103.60960480869043,60794500,108861700,17479800
2023-09-01,187.62225341796875,245.00999450683594,105.84738159179688,188.0777829772235,259.0799865722656,106.1271079698548,186.45369150574666,242.00999450683594,104.61659833306915,187.65196121049496,257.260009765625,104.61659833306915,45766500,132541600,14843500
2023-09-05,187.85992431640625,256.489990234375,105.85671997070312,188.1372071331358,258.0,108.00127014774486,185.7902007519677,244.86000061035156,105.82874875240279,186.453699999912,245.0,106.3881944596238,45280000,129469600,18304000
2023-09-06,181.1357879638672,251.9199981689453,106.77047729492188,187.01817274976997,255.38999938964844,106.84506483254081,179.70975345688714,245.05999755859375,105.5769913281689,186.57252563325392,255.13999938964844,105.81009427835463,81755800,116959800,13325500
2023-09-07,175.83770751953125,251.49000549316406,106.24833679199219,176.48141173952183,252.80999755859375,108.01992088530791,171.85669633904286,243.27000427246094,106.0152338090227,173.48078812195723,245.07000732421875,106.90102941254982,112488800,115312900,13248500
2023-09-08,176.45164489746094,248.5,107.79615020751953,178.49167556913386,256.5199890136719,108.20641375751606,176.06542850593996,246.6699981689453,106.59333789263427,176.6200091931817,251.22000122070312,106.78914355593109,65551300,118367700,14283200
2023-09-11,177.62020874023438,273.5799865722656,106.44413757324219,178.5510931586707,274.8500061035156,108.79381224697995,175.61979850768685,260.6099853515625,105.8940108962289,178.32332838951461,264.2699890136719,108.32760633353108,58953100,174667900,14383600
2023-09-12,174.58990478515625,267.4800109863281,109.54907989501953,178.38275585399316,278.3900146484375,109.71691433345141,173.12426491742679,266.6000061035156,107.4791241922725,177.7489644157226,270.760009765625,107.54439274534384,90370200,135999900,20145800
2023-09-13,172.52017211914062,271.29998779296875,108.5700454711914,175.58019553637163,274.9800109863281,109.98730844949493,172.2923922361182,268.1000061035156,108.06654218431376,174.79785006313273,270.07000732421875,109.47448616537504,84267900,111673700,13472800
2023-09-14,174.0353240966797,276.0400085449219,110.50946044921875,174.39183269426235,276.7099914550781,110.64000466599036,171.89627251118375,270.4200134277344,109.39989507343812,172.31219668990042,271.32000732421875,109.60502683927244,60895800,107709800,15210700
2023-09-15,173.31243896484375,274.3900146484375,108.81246185302734,174.78799175723694,278.9800109863281,110.50013216684154,172.13399437636494,271.0,108.62598232543166,174.76818152148616,277.54998779296875,109.93136035981536,109259500,133692300,34568400
2023-09-18,176.2436981201172,265.2799987792969,109.6889419555664,177.64002479353724,271.44000244140625,110.24838770652488,174.46115503817452,263.760009765625,108.81247244036362,174.76814563074643,271.1600036621094,109.58637607128783,67257600,101543300,14045300
2023-09-19,177.33303833007812,266.5,109.39989471435547,177.88760394386657,267.8500061035156,110.80783162298154,175.4118538031827,261.20001220703125,108.72855697882429,175.7980702206982,264.3500061035156,110.60270697155907,51826900,103704000,12562900
2023-09-20,173.78775024414062,262.5899963378906,108.5327377319336,177.95690472942889,273.92999267578125,110.04324033396006,173.69861176107497,262.4599914550781,108.45814307871959,177.5211703172096,267.0400085449219,108.66327481818927,58436200,122514600,11879900
2023-09-21,172.2428741455078,255.6999969482422,107.00359344482422,174.5898954535224,260.8599853515625,109.43718911406508,172.17356100214752,254.2100067138672,106.8544041237077,172.856870429388,257.8500061035156,109.07354903601652,63149100,119951500,14400600
2023-09-22,173.0945281982422,244.8800048828125,107.17141723632812,175.36232363207063,257.7900085449219,108.79381181686962,172.36171587825564,244.47999572753906,107.05019914651852,172.97569703516947,257.3999938964844,107.88937121015643,56725400,127524100,13197300
2023-09-25,174.37203979492188,246.99000549316406,108.37422943115234,175.2534062611611,247.10000610351562,108.76584068992659,172.46075278406465,238.30999755859375,107.06885145483386,172.51027081019092,243.3800048828125,107.31127340717734,46172700,104636600,11316000
2023-09-26,170.29197692871094,244.1199951171875,108.54207611083984,173.50053892393993,249.5500030517578,108.84044764368399,169.9948839374697,241.66000366210938,107.57236685066175,173.12423523842645,242.97999572753906,107.69357784053209,64588900,101993600,11805400
2023-09-27,168.77682495117188,240.5,112.0759048461914,171.36150860467507,245.3300018310547,112.35563125497704,167.41022120055555,234.5800018310547,109.4651558570572,170.94558441007192,244.25999450683594,109.92203568525153,66921800,136597200,23976200
2023-09-28,169.03433227539062,246.3800048828125,111.39524841308594,170.36133082824708,247.5500030517578,112.542111041497,165.9941036111019,238.64999389648438,110.20176234519165,167.69742105029528,240.02000427246094,111.87078046361003,56294400,117058900,16808100
2023-09-29,169.5492706298828,250.22000122070312,109.63298797607422,171.39122924497295,254.77000427246094,111.12484552619654,168.68769934956754,246.35000610351562,108.84043931948467,170.3514112168,250.0,111.05025087025594,51861100,128522700,18813600
2023-10-02,172.0646514892578,251.60000610351562,107.81478118896484,172.60931959526494,254.27999877929688,109.82879422822228,169.2719978061565,242.6199951171875,106.8077817830741,169.55919331240622,244.80999755859375,109.58636515192545,52164500,123810400,14395000
2023-10-03,170.72775268554688,246.52999877929688,108.00126647949219,171.94583284163102,250.02000427246094,108.57003827807442,169.16309162808642,244.4499969482422,107.25533415270759,170.589111258527,248.61000061035156,107.63762642646262,49594600,101985300,13297100
2023-10-04,171.97549438476562,261.1600036621094,103.96392822265625,172.52016238398562,261.8599853515625,106.37887166094687,169.3115850792172,247.60000610351562,103.03151631034544,169.43041623876405,248.13999938964844,106.34158144454418,53020300,129721600,19622200
2023-10-05,173.21339416503906,260.04998779296875,101.62357330322266,173.74814957044222,263.6000061035156,103.4044834873701,171.00501406167223,256.25,101.35317299241679,172.1042477774046,260.0,102.37883179676265,48527900,119159200,20128800
2023-10-06,175.7683868408203,260.5299987792969,99.92658233642578,176.2635369377298,261.6499938964844,100.95223401107566,171.50018031240361,250.64999389648438,98.00581608496844,172.11417670790303,253.97999572753906,98.58391402808375,57266700,118121800,25367500
2023-10-09,177.25381469726562,259.6700134277344,103.42312622070312,177.3132302836497,261.3599853515625,104.49540132824342,174.09475506108697,252.0500030517578,102.1177481382079,175.09495269037185,255.30999755859375,102.9755724924831,42390800,101377900,22369900
2023-10-10,176.65963745117188,263.6199951171875,102.98487854003906,177.97673842144718,268.94000244140625,103.91729032261519,176.2239029815132,257.6499938964844,102.67718805822932,176.37245706568626,257.75,103.51635297155796,43698000,122656000,13892000
2023-10-11,178.05593872070312,262.989990234375,99.29253387451172,178.10545674166264,268.6000061035156,99.92657420403376,175.8772817954906,260.8999938964844,97.74473393445771,176.4714527146694,266.20001220703125,99.73076857320547,47551100,103706300,57939000
2023-10-12,178.9571533203125,258.8699951171875,99.2739028930664,180.57133234869775,265.4100036621094,100.55130273028178,177.3033387116547,256.6300048828125,98.91958179413996,178.32336180549302,262.9200134277344,100.31819973940438,56743100,111508100,31183000
2023-10-13,177.1151885986328,251.1199951171875,102.444091796875,180.16529977566205,259.6000061035156,102.75178229876099,176.41206884050376,250.22000122070312,100.55128977920421,179.6602521369707,258.8999938964844,100.72845030584902,51427100,102073800,30276500
2023-10-16,176.98643493652344,253.9199981689453,102.51869201660156,177.3429435766639,255.39999389648438,103.19935587651771,174.79786506856496,248.47999572753906,101.7541144949945,175.03554253225204,250.0500030517578,103.03152143939721,52517000,88917200,18452000
2023-10-17,175.43165588378906,254.85000610351562,103.86135864257812,176.6893412361662,257.17999267578125,104.24365092759874,173.1044597256959,247.0800018310547,102.26693518298522,174.93650583601004,250.10000610351562,102.3135586224349,57549400,93562900,19775400
2023-10-18,174.1343536376953,242.67999267578125,105.31591796875,175.8574811296678,254.6300048828125,105.72618146832694,173.41143884685883,242.0800018310547,104.15040313016827,173.87688106979198,252.6999969482422,104.2622951156178,54764400,125147800,23380300
2023-10-19,173.758056640625,220.11000061035156,105.38119506835938,176.11496052795673,230.61000061035156,106.26699068581935,173.4906713911534,216.77999877929688,103.80542371604226,174.33241738277906,225.9499969482422,105.10147575263935,59302900,170772700,20972500
2023-10-20,171.20306396484375,211.99000549316406,103.57231140136719,173.718419244541,218.86000061035156,105.66091198167321,170.96538653172513,210.4199981689453,103.30191110757387,173.60948564320893,217.00999450683594,105.28794581389836,64244000,138010100,22445300
2023-10-23,171.32192993164062,212.0800018310547,102.052490234375,172.3221276665047,216.97999572753906,103.46043434180534,168.28170114730867,202.50999450683594,101.33453612667232,169.25220619662628,210.0,103.1527366754732,55980100,150683400,18185000
2023-10-24,171.7576446533203,216.52000427246094,101.06411743164062,171.98540943587548,222.0500030517578,102.3974666297528,169.78694209599936,214.11000061035156,100.81236936821533,171.3714282347356,216.5,102.28557464948729,43816600,118231100,16786100
2023-10-25,169.44033813476562,212.4199981689453,101.2506103515625,171.38131769667615,220.10000610351562,102.09910864162627,168.99469104064445,212.1999969482422,100.8217017077212,170.21277093543313,215.8800048828125,101.1853417995375,57157000,107065100,22047300
2023-10-26,165.2711639404297,205.75999450683594,100.32752227783203,169.71761631425704,214.8000030517578,101.01750511440932,164.06299674951495,204.8800048828125,99.30187057724666,168.71740365821697,211.32000732421875,100.18765906553892,70625300,115112600,18768300
2023-10-27,166.58827209472656,207.3000030517578,98.41606903076172,167.32109955610002,212.41000366210938,102.43476164075604,165.21175565878588,205.77000427246094,97.86594236573183,165.29098147440297,210.60000610351562,101.53032105016857,58499100,94881200,23092000
2023-10-30,168.63819885253906,197.36000061035156,98.72376251220703,169.50966778359705,210.8800048828125,99.22726575667065,167.23197451155576,194.6699981689453,98.09904829015943,167.3805285943209,209.27999877929688,98.59322542442806,51131000,136448200,19379900
2023-10-31,169.11355590820312,200.83999633789062,98.69579315185547,169.24228464861295,202.8000030517578,98.98484566343556,166.27138428536674,194.07000732421875,97.47433590163156,167.70733154956028,196.1199951171875,98.44404508175708,44846000,118068300,22185200
2023-11-01,172.28248596191406,205.66000366210938,98.49999237060547,172.53995851269775,205.99000549316406,99.92658143685404,168.4698250558493,197.85000610351562,98.33215794435633,169.34129385969914,204.0399932861328,99.32983839102116,56934900,121661700,28984900
2023-11-02,175.8476104736328,218.50999450683594,101.73546600341797,176.05556504970008,219.1999969482422,101.81006066493337,173.75807648633753,211.4499969482422,98.36945837522356,173.8174920794996,212.97000122070312,98.72377234681407,77334800,125987600,25212700
2023-11-03,174.93649291992188,219.9600067138672,100.49534606933594,175.10485722122255,226.3699951171875,101.42775790091447,171.66851493448934,218.39999389648438,99.33915739002512,172.5498813500308,221.14999389648438,101.0734439658602,79829200,119534800,30555600
2023-11-06,177.49147033691406,219.27000427246094,98.71444702148438,177.6895273209714,226.32000732421875,100.95222981358921,174.50077512285628,215.0,98.62120014369833,174.66912431484397,223.97999572753906,100.85899004954118,63841300,117335800,19097300
2023-11-07,180.05636596679688,222.17999267578125,97.16663360595703,180.67034717470034,223.1199951171875,97.77270270357974,177.23400472320088,215.72000122070312,96.30881645035377,177.44195927584823,219.97999572753906,97.40906266775363,70530000,116900100,20272500
2023-11-08,181.11598205566406,222.11000061035156,95.97315979003906,181.67054768588966,224.14999389648438,97.81001242173585,179.82858892219454,217.63999938964844,95.9358624593651,180.5812266581694,223.14999389648438,96.7190921760415,49340300,106584800,19184100
2023-11-09,180.64064025878906,209.97999572753906,96.00112915039062,182.3340449245472,220.8000030517578,96.94286716888925,180.04645416963677,206.67999267578125,95.90788938238067,181.18530832204868,219.75,96.66314075112109,53763500,142110500,18380500
2023-11-10,184.8351287841797,214.64999389648438,96.73773193359375,185.00371491529177,215.3800048828125,97.35312718506678,181.98922784820692,205.69000244140625,95.95450937397868,182.425536381392,210.02999877929688,96.90556635547384,66133400,130994000,17825500
2023-11-13,183.2485809326172,223.7100067138672,97.75405883789062,184.46825067234977,225.39999389648438,98.03378524954141,182.66353769728988,211.61000061035156,96.79367573228808,184.26002212518753,215.60000610351562,97.01745970710397,43627500,140447600,15308400
2023-11-14,185.86639404296875,237.41000366210938,98.13043975830078,186.53076740007103,238.13999938964844,98.62913582529853,184.7359652497266,230.72000122070312,97.73524746129748,186.12420582715117,235.02999877929688,98.139851149788,60108400,149771600,18260500
2023-11-15,186.4315948486328,242.83999633789062,97.53764343261719,187.90909130382101,246.6999969482422,98.93963914183436,186.20353000343164,236.4499969482422,97.38708989613838,186.2729495954029,239.2899932861328,97.81992054533335,53790500,150354000,20137600
2023-11-16,188.11734008789062,233.58999633789062,96.40851593017578,189.35684600106327,240.8800048828125,97.17067348657697,187.06622636374277,230.9600067138672,95.17588932833428,187.9785160308428,239.49000549316406,96.8225309873754,54412900,136816800,22469100
2023-11-17,188.09750366210938,234.3000030517578,98.7608642578125,188.78171334674664,237.38999938964844,99.20310632301593,186.98691120628507,226.5399932861328,96.68139187313922,188.65279989002153,232.0,96.97308039325716,50922700,142532800,22984900
2023-11-20,189.8427276611328,235.60000610351562,98.32804107666016,190.29887250675844,237.10000610351562,99.62653319742341,188.2859160609316,231.02000427246094,98.26217569036322,188.2958266614519,234.0399932861328,99.15606410136283,46505100,116320100,17458800
2023-11-21,189.03953552246094,241.1999969482422,98.29039764404297,189.91215257469014,243.6199951171875,98.51622078850377,188.14709726863614,233.33999633789062,97.12363635574243,189.8030754431615,235.0399932861328,98.05516310808304,38134500,122288000,14989000
2023-11-22,189.70391845703125,234.2100067138672,97.86698150634766,191.31031344701395,244.00999450683594,97.97048527981036,189.2279523730899,231.39999389648438,95.91923977295008,189.88241519518988,242.0399932861328,96.52143963012112,39617700,117950600,18072000
2023-11-24,188.37515258789062,235.4499969482422,98.3938980102539,189.2973377280717,238.75,99.24074374617089,187.66119596873028,232.3300018310547,97.7728825897735,189.26759079649733,233.75,97.87637917753017,24048300,65125200,9480800
2023-11-27,188.19667053222656,236.0800018310547,97.8199234008789,189.06928760823715,238.3300018310547,98.23393845949377,187.31414285514808,232.10000610351562,97.08599283608925,188.3255839995523,236.88999938964844,97.95165415974947,40552600,112031800,18013500
2023-11-28,188.80154418945312,246.72000122070312,97.76347351074219,189.47584330827428,247.0,98.71382303568004,187.80993940877178,234.00999450683594,97.74465072794993,188.18675406725092,236.67999267578125,98.08338903032802,38415400,148549900,20629500
2023-11-29,187.7801971435547,244.13999938964844,96.29560852050781,190.47736342450784,252.75,98.40331518234254,187.38356127369806,242.75999450683594,95.63695467542728,189.2973512852548,249.2100067138672,98.11161946913101,43014200,135401300,26802100
2023-11-30,188.35531616210938,240.0800018310547,96.67198944091797,188.7222202024886,245.22000122070312,98.3092270909064,186.61009727764167,236.91000366210938,95.79691662067891,188.2462390361622,245.13999938964844,97.0201391621017,48794400,132353200,29254700
2023-12-01,189.63450622558594,238.8300018310547,96.90721893310547,189.95181189166442,240.19000244140625,98.06457602671844,187.64137090627887,231.89999389648438,96.18269970973297,188.73214223180454,233.13999938964844,96.4461612455048,45704800,121331700,17845300
2023-12-04,187.83969116210938,235.5800018310547,96.38029479980469,188.454496430777,239.3699951171875,97.25536756471438,185.8763178825686,233.2899932861328,95.58990302240802,188.3850768316175,235.75,96.09801048385123,43389500,104099800,21523900
2023-12-05,191.79615783691406,238.72000122070312,94.50782775878906,192.76792609778647,246.66000366210938,96.29560445678793,188.5833535206997,233.6999969482422,94.36668560400278,188.61311557860762,233.8699951171875,96.22973907505943,66628400,137971100,22250300
2023-12-06,190.70542907714844,239.3699951171875,93.25637817382812,193.1249319103576,246.57000732421875,94.7712891298811,190.4971854261922,239.1699981689453,92.53185179721764,192.8175368647406,242.9199981689453,94.09381253105143,41089700,126436200,31154800
2023-12-07,192.6390380859375,242.63999938964844,92.60712432861328,193.3629052381858,244.0800018310547,94.88419276466257,191.96473906125271,236.97999572753906,92.29661303857351,192.0044117201268,241.5500030517578,93.96207746421385,47477700,107142300,29990700
2023-12-08,194.0669708251953,243.83999633789062,93.67039489746094,194.34461894265894,245.27000427246094,93.89621804145573,192.04408867717459,239.27000427246094,92.91764151242721,192.56963798027982,240.27000427246094,93.17169165207281,53406400,103126800,22074900
2023-12-11,191.55819702148438,239.74000549316406,93.73625946044922,191.8656072016425,243.44000244140625,93.96208260246901,189.81297812056516,237.4499969482422,92.75768293997908,191.48879255742054,242.74000549316406,93.90562861166113,60943700,97913900,22252300
2023-12-12,193.0753631591797,237.00999450683594,92.25898742675781,193.08527375940776,238.99000549316406,92.85177587013297,190.11045957675134,233.8699951171875,91.7226529745265,191.45904261144975,238.5500030517578,92.85177587013297,52696900,95328300,26084000
2023-12-13,196.298095703125,239.2899932861328,93.07759857177734,196.33775323819535,240.3000030517578,93.18110234090871,193.2142041253177,228.1999969482422,91.89202169065345,193.45217959711718,234.19000244140625,92.2495755975147,70404200,146286300,19915400
2023-12-14,196.4468231201172,251.0500030517578,95.58051300048828,197.9441408874326,253.8800048828125,96.10743614445941,194.51319682969313,240.7899932861328,93.83036721082486,196.35758232148717,241.22000122070312,93.95268660387832,66831600,160829200,26165700
2023-12-15,195.91136169433594,253.5,94.94065856933594,196.73438033852585,254.1300048828125,95.0347509463965,195.34613971264017,248.3000030517578,94.3855013407386,195.87168903034603,251.2100067138672,94.64896286802349,128538400,135932800,55527000
2023-12-18,194.24545288085938,252.0800018310547,95.64635467529297,194.97924583916173,258.739990234375,97.02012337340285,192.75804576345098,251.36000061035156,95.52402813378437,194.4437708037096,253.77999877929688,96.09800092133004,55751900,116416500,21610400
2023-12-19,195.28665161132812,257.2200012207031,96.90721893310547,195.2965622122741,258.3399963378906,97.09541087207707,194.24546354583867,253.00999450683594,95.77809601442956,194.51320107826476,253.47999572753906,95.97569216625843,40714100,106737400,18904700
2023-12-20,193.19436645507812,247.13999938964844,95.28881072998047,196.0204310779547,259.8399963378906,97.80112124246803,193.19436645507812,247.0,95.15707995300077,195.24698053858313,256.4100036621094,97.38710612693815,52242800,125097000,20988900
2023-12-21,193.0456085205078,254.5,95.72164154052734,195.42546903656068,254.8000030517578,95.98510307497361,191.87552215973167,248.5500030517578,94.85597298319027,194.45370060278358,251.89999389648438,95.47699561048937,46482500,109594200,19250900
2023-12-22,191.97470092773438,252.5399932861328,95.8910140991211,193.76950324713707,258.2200012207031,96.86017928328796,191.34998504370557,251.3699951171875,95.80632592930674,193.54142324239356,256.760009765625,96.26738363095349,37149600,93370100,12927800
2023-12-26,191.42930603027344,256.6099853515625,96.10742950439453,192.2622504150879,257.9700012207031,96.94486394840003,191.21115176796184,252.91000366210938,96.08861389860529,191.9846022868164,254.49000549316406,96.67199100232794,28919300,86892400,16835100
2023-12-27,191.52845764160156,261.44000244140625,95.65576934814453,191.8755253676685,263.3399963378906,96.49320367107808,189.48575421105227,257.5199890136719,95.3546622687377,190.87400998463178,258.3500061035156,96.01332323675831,48087700,106494400,14558800
2023-12-28,191.95484924316406,253.17999267578125,94.27259826660156,193.0257841884141,265.1300048828125,95.60872875525567,191.5482876644632,252.7100067138672,94.21613709439589,192.51014548202977,263.6600036621094,95.40172120767488,34049900,113619900,16329300
2023-12-29,190.91366577148438,248.47999572753906,94.07500457763672,192.76796185552627,255.19000244140625,94.64897027626739,190.12037892679615,247.42999267578125,93.73626625067479,192.27215946893213,255.10000610351562,94.44196990204735,42672100,100891600,17746400
